0,1197179,3346.242633,0.005224,-0.067155,0.085175,0.000023,3346.242633,0.005224,-0.067155,0.085175,0.000023,0,0,0,0,0.0,0,0,0,0,0.0,0,0,0,0,0.0,0,0,0,0,0.0,0,0,0,0,0.0,0,0,0,0,0.0,0,0,0,0,0.0,0,0,0,0,0.0,0,0,0,0,0.0,0,0,0,0,0.0,0,0,0,0,0.0,0,0,0,0,0.0,0,0,0,0,0.0,0,0,0,0,0.0
1,4662708,3345.314678,0.036455,-0.034710,0.427728,0.000008,3345.314678,0.036455,-0.034710,0.427728,0.000008,0,0,0,0,0.0,0,0,0,0,0.0,0,0,0,0,0.0,0,0,0,0,0.0,0,0,0,0,0.0,0,0,0,0,0.0,0,0,0,0,0.0,0,0,0,0,0.0,0,0,0,0,0.0,0,0,0,0,0.0,0,0,0,0,0.0,0,0,0,0,0.0,0,0,0,0,0.0,0,0,0,0,0.0
2,5365595,3355.119653,1.017815,-9.688298,4.992107,0.000067,3355.119653,1.017815,-9.688298,4.992107,0.000067,0,0,0,0,0.0,0,0,0,0,0.0,0,0,0,0,0.0,0,0,0,0,0.0,0,0,0,0,0.0,0,0,0,0,0.0,0,0,0,0,0.0,0,0,0,0,0.0,0,0,0,0,0.0,0,0,0,0,0.0,0,0,0,0,0.0,0,0,0,0,0.0,0,0,0,0,0.0,0,0,0,0,0.0
3,23318625,3400.095859,-254.907163,409.418075,126.032800,0.000090,3400.095859,-254.907163,409.418075,126.032800,0.000090,0,0,0,0,0.0,0,0,0,0,0.0,0,0,0,0,0.0,0,0,0,0,0.0,0,0,0,0,0.0,0,0,0,0,0.0,0,0,0,0,0.0,0,0,0,0,0.0,0,0,0,0,0.0,0,0,0,0,0.0,0,0,0,0,0.0,0,0,0,0,0.0,0,0,0,0,0.0,0,0,0,0,0.0
4,27613942,3689.996787,11209.473322,-5193.031645,-391.604606,-0.000199,3689.996787,11209.473322,-5193.031645,-391.604606,-0.000199,0,0,0,0,0.0,0,0,0,0,0.0,0,0,0,0,0.0,0,0,0,0,0.0,0,0,0,0,0.0,0,0,0,0,0.0,0,0,0,0,0.0,0,0,0,0,0.0,0,0,0,0,0.0,0,0,0,0,0.0,0,0,0,0,0.0,0,0,0,0,0.0,0,0,0,0,0.0,0,0,0,0,0.0
5,3755022,3407.711497,-1.433071,9.407965,-18.352321,-0.000504,3407.711497,-1.433071,9.407965,-18.352321,-0.000504,0,0,0,0,0.0,0,0,0,0,0.0,0,0,0,0,0.0,0,0,0,0,0.0,0,0,0,0,0.0,0,0,0,0,0.0,0,0,0,0,0.0,0,0,0,0,0.0,0,0,0,0,0.0,0,0,0,0,0.0,0,0,0,0,0.0,0,0,0,0,0.0,0,0,0,0,0.0,0,0,0,0,0.0
6,4534155,3398.040578,-0.303874,1.164642,-4.762890,-0.000090,3398.040578,-0.303874,1.164642,-4.762890,-0.000090,0,0,0,0,0.0,0,0,0,0,0.0,0,0,0,0,0.0,0,0,0,0,0.0,0,0,0,0,0.0,0,0,0,0,0.0,0,0,0,0,0.0,0,0,0,0,0.0,0,0,0,0,0.0,0,0,0,0,0.0,0,0,0,0,0.0,0,0,0,0,0.0,0,0,0,0,0.0,0,0,0,0,0.0
7,7929327,3384.026951,1.141085,-3.934414,-12.292307,-0.000076,3384.026951,1.141085,-3.934414,-12.292307,-0.000076,0,0,0,0,0.0,0,0,0,0,0.0,0,0,0,0,0.0,0,0,0,0,0.0,0,0,0,0,0.0,0,0,0,0,0.0,0,0,0,0,0.0,0,0,0,0,0.0,0,0,0,0,0.0,0,0,0,0,0.0,0,0,0,0,0.0,0,0,0,0,0.0,0,0,0,0,0.0,0,0,0,0,0.0
8,7071318,3355.237990,-0.697185,1.570531,-13.079725,-0.000101,3355.237990,-0.697185,1.570531,-13.079725,-0.000101,0,0,0,0,0.0,0,0,0,0,0.0,0,0,0,0,0.0,0,0,0,0,0.0,0,0,0,0,0.0,0,0,0,0,0.0,0,0,0,0,0.0,0,0,0,0,0.0,0,0,0,0,0.0,0,0,0,0,0.0,0,0,0,0,0.0,0,0,0,0,0.0,0,0,0,0,0.0,0,0,0,0,0.0
9,7497317,3331.607378,1.738153,-3.823083,-13.640951,-0.000094,3331.607378,1.738153,-3.823083,-13.640951,-0.000094,0,0,0,0,0.0,0,0,0,0,0.0,0,0,0,0,0.0,0,0,0,0,0.0,0,0,0,0,0.0,0,0,0,0,0.0,0,0,0,0,0.0,0,0,0,0,0.0,0,0,0,0,0.0,0,0,0,0,0.0,0,0,0,0,0.0,0,0,0,0,0.0,0,0,0,0,0.0,0,0,0,0,0.0
10,5776871,3305.931805,-0.683779,2.059453,-9.730782,-0.000113,3305.931805,-0.683779,2.059453,-9.730782,-0.000113,0,0,0,0,0.0,0,0,0,0,0.0,0,0,0,0,0.0,0,0,0,0,0.0,0,0,0,0,0.0,0,0,0,0,0.0,0,0,0,0,0.0,0,0,0,0,0.0,0,0,0,0,0.0,0,0,0,0,0.0,0,0,0,0,0.0,0,0,0,0,0.0,0,0,0,0,0.0,0,0,0,0,0.0
11,6953541,3290.163823,1.607472,-4.122664,-10.155732,-0.000081,3290.163823,1.607472,-4.122664,-10.155732,-0.000081,0,0,0,0,0.0,0,0,0,0,0.0,0,0,0,0,0.0,0,0,0,0,0.0,0,0,0,0,0.0,0,0,0,0,0.0,0,0,0,0,0.0,0,0,0,0,0.0,0,0,0,0,0.0,0,0,0,0,0.0,0,0,0,0,0.0,0,0,0,0,0.0,0,0,0,0,0.0,0,0,0,0,0.0
12,4037446,3265.483106,-1.065989,4.945258,-4.601553,-0.000109,3265.483106,-1.065989,4.945258,-4.601553,-0.000109,0,0,0,0,0.0,0,0,0,0,0.0,0,0,0,0,0.0,0,0,0,0,0.0,0,0,0,0,0.0,0,0,0,0,0.0,0,0,0,0,0.0,0,0,0,0,0.0,0,0,0,0,0.0,0,0,0,0,0.0,0,0,0,0,0.0,0,0,0,0,0.0,0,0,0,0,0.0,0,0,0,0,0.0
13,10632349,3265.016252,161.364468,-157.500946,-34.960202,-0.000120,3265.016252,161.364468,-157.500946,-34.960202,-0.000120,0,0,0,0,0.0,0,0,0,0,0.0,0,0,0,0,0.0,0,0,0,0,0.0,0,0,0,0,0.0,0,0,0,0,0.0,0,0,0,0,0.0,0,0,0,0,0.0,0,0,0,0,0.0,0,0,0,0,0.0,0,0,0,0,0.0,0,0,0,0,0.0,0,0,0,0,0.0,0,0,0,0,0.0
14,3140907,3220.365404,-0.433172,2.702999,-6.058584,-0.000238,3220.365404,-0.433172,2.702999,-6.058584,-0.000238,0,0,0,0,0.0,0,0,0,0,0.0,0,0,0,0,0.0,0,0,0,0,0.0,0,0,0,0,0.0,0,0,0,0,0.0,0,0,0,0,0.0,0,0,0,0,0.0,0,0,0,0,0.0,0,0,0,0,0.0,0,0,0,0,0.0,0,0,0,0,0.0,0,0,0,0,0.0,0,0,0,0,0.0
15,3681879,3213.432690,-0.429730,1.506482,-3.551243,-0.000102,3213.432690,-0.429730,1.506482,-3.551243,-0.000102,0,0,0,0,0.0,0,0,0,0,0.0,0,0,0,0,0.0,0,0,0,0,0.0,0,0,0,0,0.0,0,0,0,0,0.0,0,0,0,0,0.0,0,0,0,0,0.0,0,0,0,0,0.0,0,0,0,0,0.0,0,0,0,0,0.0,0,0,0,0,0.0,0,0,0,0,0.0,0,0,0,0,0.0
16,7572440,3202.089489,13.546158,-20.979414,-15.192766,-0.000103,3202.089489,13.546158,-20.979414,-15.192766,-0.000103,0,0,0,0,0.0,0,0,0,0,0.0,0,0,0,0,0.0,0,0,0,0,0.0,0,0,0,0,0.0,0,0,0,0,0.0,0,0,0,0,0.0,0,0,0,0,0.0,0,0,0,0,0.0,0,0,0,0,0.0,0,0,0,0,0.0,0,0,0,0,0.0,0,0,0,0,0.0,0,0,0,0,0.0
17,4852659,3179.834045,5.058458,-8.680794,-11.325478,-0.000186,3179.834045,5.058458,-8.680794,-11.325478,-0.000186,0,0,0,0,0.0,0,0,0,0,0.0,0,0,0,0,0.0,0,0,0,0,0.0,0,0,0,0,0.0,0,0,0,0,0.0,0,0,0,0,0.0,0,0,0,0,0.0,0,0,0,0,0.0,0,0,0,0,0.0,0,0,0,0,0.0,0,0,0,0,0.0,0,0,0,0,0.0,0,0,0,0,0.0
18,2554095,3161.374637,-0.238635,1.697800,-3.594248,-0.000214,3161.374637,-0.238635,1.697800,-3.594248,-0.000214,0,0,0,0,0.0,0,0,0,0,0.0,0,0,0,0,0.0,0,0,0,0,0.0,0,0,0,0,0.0,0,0,0,0,0.0,0,0,0,0,0.0,0,0,0,0,0.0,0,0,0,0,0.0,0,0,0,0,0.0,0,0,0,0,0.0,0,0,0,0,0.0,0,0,0,0,0.0,0,0,0,0,0.0
19,3863059,3157.606538,0.223142,-1.290136,-4.124718,-0.000107,3157.606538,0.223142,-1.290136,-4.124718,-0.000107,0,0,0,0,0.0,0,0,0,0,0.0,0,0,0,0,0.0,0,0,0,0,0.0,0,0,0,0,0.0,0,0,0,0,0.0,0,0,0,0,0.0,0,0,0,0,0.0,0,0,0,0,0.0,0,0,0,0,0.0,0,0,0,0,0.0,0,0,0,0,0.0,0,0,0,0,0.0,0,0,0,0,0.0
20,7829729,3139.154246,4.340127,-6.136549,-13.714203,-0.000087,3139.154246,4.340127,-6.136549,-13.714203,-0.000087,0,0,0,0,0.0,0,0,0,0,0.0,0,0,0,0,0.0,0,0,0,0,0.0,0,0,0,0,0.0,0,0,0,0,0.0,0,0,0,0,0.0,0,0,0,0,0.0,0,0,0,0,0.0,0,0,0,0,0.0,0,0,0,0,0.0,0,0,0,0,0.0,0,0,0,0,0.0,0,0,0,0,0.0
21,4088233,3121.983522,-0.474632,1.873921,-4.519958,-0.000105,3121.983522,-0.474632,1.873921,-4.519958,-0.000105,0,0,0,0,0.0,0,0,0,0,0.0,0,0,0,0,0.0,0,0,0,0,0.0,0,0,0,0,0.0,0,0,0,0,0.0,0,0,0,0,0.0,0,0,0,0,0.0,0,0,0,0,0.0,0,0,0,0,0.0,0,0,0,0,0.0,0,0,0,0,0.0,0,0,0,0,0.0,0,0,0,0,0.0
22,4831535,3112.599611,-0.785987,1.401750,-6.086582,-0.000101,3112.599611,-0.785987,1.401750,-6.086582,-0.000101,0,0,0,0,0.0,0,0,0,0,0.0,0,0,0,0,0.0,0,0,0,0,0.0,0,0,0,0,0.0,0,0,0,0,0.0,0,0,0,0,0.0,0,0,0,0,0.0,0,0,0,0,0.0,0,0,0,0,0.0,0,0,0,0,0.0,0,0,0,0,0.0,0,0,0,0,0.0,0,0,0,0,0.0
23,7348083,3096.071034,10.109902,-16.841800,-16.548766,-0.000119,3096.071034,10.109902,-16.841800,-16.548766,-0.000119,0,0,0,0,0.0,0,0,0,0,0.0,0,0,0,0,0.0,0,0,0,0,0.0,0,0,0,0,0.0,0,0,0,0,0.0,0,0,0,0,0.0,0,0,0,0,0.0,0,0,0,0,0.0,0,0,0,0,0.0,0,0,0,0,0.0,0,0,0,0,0.0,0,0,0,0,0.0,0,0,0,0,0.0
24,3915096,3072.000000,0.122040,-0.042586,-8.092763,-0.000205,3072.000000,0.122040,-0.042586,-8.092763,-0.000205,0,0,0,0,0.0,0,0,0,0,0.0,0,0,0,0,0.0,0,0,0,0,0.0,0,0,0,0,0.0,0,0,0,0,0.0,0,0,0,0,0.0,0,0,0,0,0.0,0,0,0,0,0.0,0,0,0,0,0.0,0,0,0,0,0.0,0,0,0,0,0.0,0,0,0,0,0.0,0,0,0,0,0.0
25,3733369,3058.834082,0.881906,-1.628077,-6.495142,-0.000181,3058.834082,0.881906,-1.628077,-6.495142,-0.000181,0,0,0,0,0.0,0,0,0,0,0.0,0,0,0,0,0.0,0,0,0,0,0.0,0,0,0,0,0.0,0,0,0,0,0.0,0,0,0,0,0.0,0,0,0,0,0.0,0,0,0,0,0.0,0,0,0,0,0.0,0,0,0,0,0.0,0,0,0,0,0.0,0,0,0,0,0.0,0,0,0,0,0.0
26,2859518,3047.000000,-0.282376,1.397444,-3.403862,-0.000161,3047.000000,-0.282376,1.397444,-3.403862,-0.000161,0,0,0,0,0.0,0,0,0,0,0.0,0,0,0,0,0.0,0,0,0,0,0.0,0,0,0,0,0.0,0,0,0,0,0.0,0,0,0,0,0.0,0,0,0,0,0.0,0,0,0,0,0.0,0,0,0,0,0.0,0,0,0,0,0.0,0,0,0,0,0.0,0,0,0,0,0.0,0,0,0,0,0.0
27,3871554,3042.874049,-0.151568,0.602870,-2.457338,-0.000064,3042.874049,-0.151568,0.602870,-2.457338,-0.000064,0,0,0,0,0.0,0,0,0,0,0.0,0,0,0,0,0.0,0,0,0,0,0.0,0,0,0,0,0.0,0,0,0,0,0.0,0,0,0,0,0.0,0,0,0,0,0.0,0,0,0,0,0.0,0,0,0,0,0.0,0,0,0,0,0.0,0,0,0,0,0.0,0,0,0,0,0.0,0,0,0,0,0.0
28,3172363,3032.421758,-0.192543,1.244473,-3.899026,-0.000150,3032.421758,-0.192543,1.244473,-3.899026,-0.000150,0,0,0,0,0.0,0,0,0,0,0.0,0,0,0,0,0.0,0,0,0,0,0.0,0,0,0,0,0.0,0,0,0,0,0.0,0,0,0,0,0.0,0,0,0,0,0.0,0,0,0,0,0.0,0,0,0,0,0.0,0,0,0,0,0.0,0,0,0,0,0.0,0,0,0,0,0.0,0,0,0,0,0.0
29,12749812,3014.709928,100.498039,-102.833931,-37.423545,-0.000089,3014.709928,100.498039,-102.833931,-37.423545,-0.000089,0,0,0,0,0.0,0,0,0,0,0.0,0,0,0,0,0.0,0,0,0,0,0.0,0,0,0,0,0.0,0,0,0,0,0.0,0,0,0,0,0.0,0,0,0,0,0.0,0,0,0,0,0.0,0,0,0,0,0.0,0,0,0,0,0.0,0,0,0,0,0.0,0,0,0,0,0.0,0,0,0,0,0.0
30,5430218,2973.077946,-1.126706,3.677209,-9.444046,-0.000124,2973.077946,-1.126706,3.677209,-9.444046,-0.000124,0,0,0,0,0.0,0,0,0,0,0.0,0,0,0,0,0.0,0,0,0,0,0.0,0,0,0,0,0.0,0,0,0,0,0.0,0,0,0,0,0.0,0,0,0,0,0.0,0,0,0,0,0.0,0,0,0,0,0.0,0,0,0,0,0.0,0,0,0,0,0.0,0,0,0,0,0.0,0,0,0,0,0.0
31,3319587,2961.963315,-0.492617,1.891527,-3.509150,-0.000123,2961.963315,-0.492617,1.891527,-3.509150,-0.000123,0,0,0,0,0.0,0,0,0,0,0.0,0,0,0,0,0.0,0,0,0,0,0.0,0,0,0,0,0.0,0,0,0,0,0.0,0,0,0,0,0.0,0,0,0,0,0.0,0,0,0,0,0.0,0,0,0,0,0.0,0,0,0,0,0.0,0,0,0,0,0.0,0,0,0,0,0.0,0,0,0,0,0.0
32,6033439,2952.382969,3.671288,-8.897187,-11.570383,-0.000123,2952.382969,3.671288,-8.897187,-11.570383,-0.000123,0,0,0,0,0.0,0,0,0,0,0.0,0,0,0,0,0.0,0,0,0,0,0.0,0,0,0,0,0.0,0,0,0,0,0.0,0,0,0,0,0.0,0,0,0,0,0.0,0,0,0,0,0.0,0,0,0,0,0.0,0,0,0,0,0.0,0,0,0,0,0.0,0,0,0,0,0.0,0,0,0,0,0.0
33,5318531,2931.946396,10.955893,-14.650253,-13.353292,-0.000183,2931.946396,10.955893,-14.650253,-13.353292,-0.000183,0,0,0,0,0.0,0,0,0,0,0.0,0,0,0,0,0.0,0,0,0,0,0.0,0,0,0,0,0.0,0,0,0,0,0.0,0,0,0,0,0.0,0,0,0,0,0.0,0,0,0,0,0.0,0,0,0,0,0.0,0,0,0,0,0.0,0,0,0,0,0.0,0,0,0,0,0.0,0,0,0,0,0.0
34,1951387,2915.016735,-0.180908,1.081971,-2.927487,-0.000298,2915.016735,-0.180908,1.081971,-2.927487,-0.000298,0,0,0,0,0.0,0,0,0,0,0.0,0,0,0,0,0.0,0,0,0,0,0.0,0,0,0,0,0.0,0,0,0,0,0.0,0,0,0,0,0.0,0,0,0,0,0.0,0,0,0,0,0.0,0,0,0,0,0.0,0,0,0,0,0.0,0,0,0,0,0.0,0,0,0,0,0.0,0,0,0,0,0.0
35,3304387,2911.000000,0.767573,-2.160749,-3.807990,-0.000135,2911.000000,0.767573,-2.160749,-3.807990,-0.000135,0,0,0,0,0.0,0,0,0,0,0.0,0,0,0,0,0.0,0,0,0,0,0.0,0,0,0,0,0.0,0,0,0,0,0.0,0,0,0,0,0.0,0,0,0,0,0.0,0,0,0,0,0.0,0,0,0,0,0.0,0,0,0,0,0.0,0,0,0,0,0.0,0,0,0,0,0.0,0,0,0,0,0.0
36,2675668,2901.000000,-0.080608,0.699758,-2.985033,-0.000162,2901.000000,-0.080608,0.699758,-2.985033,-0.000162,0,0,0,0,0.0,0,0,0,0,0.0,0,0,0,0,0.0,0,0,0,0,0.0,0,0,0,0,0.0,0,0,0,0,0.0,0,0,0,0,0.0,0,0,0,0,0.0,0,0,0,0,0.0,0,0,0,0,0.0,0,0,0,0,0.0,0,0,0,0,0.0,0,0,0,0,0.0,0,0,0,0,0.0
37,3815489,2893.604858,-0.302907,1.324338,-3.591834,-0.000096,2893.604858,-0.302907,1.324338,-3.591834,-0.000096,0,0,0,0,0.0,0,0,0,0,0.0,0,0,0,0,0.0,0,0,0,0,0.0,0,0,0,0,0.0,0,0,0,0,0.0,0,0,0,0,0.0,0,0,0,0,0.0,0,0,0,0,0.0,0,0,0,0,0.0,0,0,0,0,0.0,0,0,0,0,0.0,0,0,0,0,0.0,0,0,0,0,0.0
38,9413322,2883.114069,13.502878,-24.139388,-16.876912,-0.000074,2883.114069,13.502878,-24.139388,-16.876912,-0.000074,0,0,0,0,0.0,0,0,0,0,0.0,0,0,0,0,0.0,0,0,0,0,0.0,0,0,0,0,0.0,0,0,0,0,0.0,0,0,0,0,0.0,0,0,0,0,0.0,0,0,0,0,0.0,0,0,0,0,0.0,0,0,0,0,0.0,0,0,0,0,0.0,0,0,0,0,0.0,0,0,0,0,0.0
39,4696678,2851.221290,-0.327347,1.946963,-7.746248,-0.000136,2851.221290,-0.327347,1.946963,-7.746248,-0.000136,0,0,0,0,0.0,0,0,0,0,0.0,0,0,0,0,0.0,0,0,0,0,0.0,0,0,0,0,0.0,0,0,0,0,0.0,0,0,0,0,0.0,0,0,0,0,0.0,0,0,0,0,0.0,0,0,0,0,0.0,0,0,0,0,0.0,0,0,0,0,0.0,0,0,0,0,0.0,0,0,0,0,0.0
40,6723273,2838.076113,-0.335205,1.434501,-6.762105,-0.000058,2838.076113,-0.335205,1.434501,-6.762105,-0.000058,0,0,0,0,0.0,0,0,0,0,0.0,0,0,0,0,0.0,0,0,0,0,0.0,0,0,0,0,0.0,0,0,0,0,0.0,0,0,0,0,0.0,0,0,0,0,0.0,0,0,0,0,0.0,0,0,0,0,0.0,0,0,0,0,0.0,0,0,0,0,0.0,0,0,0,0,0.0,0,0,0,0,0.0
41,5936876,2818.233903,-0.510019,2.631773,-6.983096,-0.000077,2818.233903,-0.510019,2.631773,-6.983096,-0.000077,0,0,0,0,0.0,0,0,0,0,0.0,0,0,0,0,0.0,0,0,0,0,0.0,0,0,0,0,0.0,0,0,0,0,0.0,0,0,0,0,0.0,0,0,0,0,0.0,0,0,0,0,0.0,0,0,0,0,0.0,0,0,0,0,0.0,0,0,0,0,0.0,0,0,0,0,0.0,0,0,0,0,0.0
42,17122586,2799.445153,185.850331,-175.198404,-50.586382,-0.000067,2799.445153,185.850331,-175.198404,-50.586382,-0.000067,0,0,0,0,0.0,0,0,0,0,0.0,0,0,0,0,0.0,0,0,0,0,0.0,0,0,0,0,0.0,0,0,0,0,0.0,0,0,0,0,0.0,0,0,0,0,0.0,0,0,0,0,0.0,0,0,0,0,0.0,0,0,0,0,0.0,0,0,0,0,0.0,0,0,0,0,0.0,0,0,0,0,0.0
43,6807519,2744.531205,-0.794909,4.218603,-10.067795,-0.000084,2744.531205,-0.794909,4.218603,-10.067795,-0.000084,0,0,0,0,0.0,0,0,0,0,0.0,0,0,0,0,0.0,0,0,0,0,0.0,0,0,0,0,0.0,0,0,0,0,0.0,0,0,0,0,0.0,0,0,0,0,0.0,0,0,0,0,0.0,0,0,0,0,0.0,0,0,0,0,0.0,0,0,0,0,0.0,0,0,0,0,0.0,0,0,0,0,0.0
44,3972739,2731.501028,-0.440060,2.251590,-3.210368,-0.000079,2731.501028,-0.440060,2.251590,-3.210368,-0.000079,0,0,0,0,0.0,0,0,0,0,0.0,0,0,0,0,0.0,0,0,0,0,0.0,0,0,0,0,0.0,0,0,0,0,0.0,0,0,0,0,0.0,0,0,0,0,0.0,0,0,0,0,0.0,0,0,0,0,0.0,0,0,0,0,0.0,0,0,0,0,0.0,0,0,0,0,0.0,0,0,0,0,0.0
45,15678206,2724.589351,321.880163,-207.895555,-33.802004,-0.000053,2724.589351,321.880163,-207.895555,-33.802004,-0.000053,0,0,0,0,0.0,0,0,0,0,0.0,0,0,0,0,0.0,0,0,0,0,0.0,0,0,0,0,0.0,0,0,0,0,0.0,0,0,0,0,0.0,0,0,0,0,0.0,0,0,0,0,0.0,0,0,0,0,0.0,0,0,0,0,0.0,0,0,0,0,0.0,0,0,0,0,0.0,0,0,0,0,0.0
46,1283332,2696.585029,-0.116220,0.901374,-0.888310,-0.000209,2696.585029,-0.116220,0.901374,-0.888310,-0.000209,0,0,0,0,0.0,0,0,0,0,0.0,0,0,0,0,0.0,0,0,0,0,0.0,0,0,0,0,0.0,0,0,0,0,0.0,0,0,0,0,0.0,0,0,0,0,0.0,0,0,0,0,0.0,0,0,0,0,0.0,0,0,0,0,0.0,0,0,0,0,0.0,0,0,0,0,0.0,0,0,0,0,0.0
47,5788017,2698.634052,98.508889,-74.102789,-11.699767,-0.000135,2698.634052,98.508889,-74.102789,-11.699767,-0.000135,0,0,0,0,0.0,0,0,0,0,0.0,0,0,0,0,0.0,0,0,0,0,0.0,0,0,0,0,0.0,0,0,0,0,0.0,0,0,0,0,0.0,0,0,0,0,0.0,0,0,0,0,0.0,0,0,0,0,0.0,0,0,0,0,0.0,0,0,0,0,0.0,0,0,0,0,0.0,0,0,0,0,0.0
48,1895761,2687.313236,1.969862,-3.591502,-3.986845,-0.000430,2687.313236,1.969862,-3.591502,-3.986845,-0.000430,0,0,0,0,0.0,0,0,0,0,0.0,0,0,0,0,0.0,0,0,0,0,0.0,0,0,0,0,0.0,0,0,0,0,0.0,0,0,0,0,0.0,0,0,0,0,0.0,0,0,0,0,0.0,0,0,0,0,0.0,0,0,0,0,0.0,0,0,0,0,0.0,0,0,0,0,0.0,0,0,0,0,0.0
49,717226,2680.132993,-0.042694,0.410442,-0.985435,-0.000742,2680.132993,-0.042694,0.410442,-0.985435,-0.000742,0,0,0,0,0.0,0,0,0,0,0.0,0,0,0,0,0.0,0,0,0,0,0.0,0,0,0,0,0.0,0,0,0,0,0.0,0,0,0,0,0.0,0,0,0,0,0.0,0,0,0,0,0.0,0,0,0,0,0.0,0,0,0,0,0.0,0,0,0,0,0.0,0,0,0,0,0.0,0,0,0,0,0.0
50,1910278,2680.132993,0.030826,-0.196611,-0.202723,-0.000022,2680.132993,0.030826,-0.196611,-0.202723,-0.000022,0,0,0,0,0.0,0,0,0,0,0.0,0,0,0,0,0.0,0,0,0,0,0.0,0,0,0,0,0.0,0,0,0,0,0.0,0,0,0,0,0.0,0,0,0,0,0.0,0,0,0,0,0.0,0,0,0,0,0.0,0,0,0,0,0.0,0,0,0,0,0.0,0,0,0,0,0.0,0,0,0,0,0.0
51,1648703,2678.071451,0.011364,0.034222,-0.194130,-0.000028,2678.071451,0.011364,0.034222,-0.194130,-0.000028,0,0,0,0,0.0,0,0,0,0,0.0,0,0,0,0,0.0,0,0,0,0,0.0,0,0,0,0,0.0,0,0,0,0,0.0,0,0,0,0,0.0,0,0,0,0,0.0,0,0,0,0,0.0,0,0,0,0,0.0,0,0,0,0,0.0,0,0,0,0,0.0,0,0,0,0,0.0,0,0,0,0,0.0
52,8064351,2681.933524,-6.798618,12.350572,8.356047,0.000050,2681.933524,-6.798618,12.350572,8.356047,0.000050,0,0,0,0,0.0,0,0,0,0,0.0,0,0,0,0,0.0,0,0,0,0,0.0,0,0,0,0,0.0,0,0,0,0,0.0,0,0,0,0,0.0,0,0,0,0,0.0,0,0,0,0,0.0,0,0,0,0,0.0,0,0,0,0,0.0,0,0,0,0,0.0,0,0,0,0,0.0,0,0,0,0,0.0
53,3170584,2697.712255,0.634845,-2.156498,3.148835,0.000121,2697.712255,0.634845,-2.156498,3.148835,0.000121,0,0,0,0,0.0,0,0,0,0,0.0,0,0,0,0,0.0,0,0,0,0,0.0,0,0,0,0,0.0,0,0,0,0,0.0,0,0,0,0,0.0,0,0,0,0,0.0,0,0,0,0,0.0,0,0,0,0,0.0,0,0,0,0,0.0,0,0,0,0,0.0,0,0,0,0,0.0,0,0,0,0,0.0
54,6251097,2702.526821,-10.544971,18.480389,10.291353,0.000102,2702.526821,-10.544971,18.480389,10.291353,0.000102,0,0,0,0,0.0,0,0,0,0,0.0,0,0,0,0,0.0,0,0,0,0,0.0,0,0,0,0,0.0,0,0,0,0,0.0,0,0,0,0,0.0,0,0,0,0,0.0,0,0,0,0,0.0,0,0,0,0,0.0,0,0,0,0,0.0,0,0,0,0,0.0,0,0,0,0,0.0,0,0,0,0,0.0
55,2023547,2723.118002,0.097629,-0.845112,3.212086,0.000304,2723.118002,0.097629,-0.845112,3.212086,0.000304,0,0,0,0,0.0,0,0,0,0,0.0,0,0,0,0,0.0,0,0,0,0,0.0,0,0,0,0,0.0,0,0,0,0,0.0,0,0,0,0,0.0,0,0,0,0,0.0,0,0,0,0,0.0,0,0,0,0,0.0,0,0,0,0,0.0,0,0,0,0,0.0,0,0,0,0,0.0,0,0,0,0,0.0
56,5378970,2728.800110,-0.073837,0.220380,4.054854,0.000054,2728.800110,-0.073837,0.220380,4.054854,0.000054,0,0,0,0,0.0,0,0,0,0,0.0,0,0,0,0,0.0,0,0,0,0,0.0,0,0,0,0,0.0,0,0,0,0,0.0,0,0,0,0,0.0,0,0,0,0,0.0,0,0,0,0,0.0,0,0,0,0,0.0,0,0,0,0,0.0,0,0,0,0,0.0,0,0,0,0,0.0,0,0,0,0,0.0
57,2901081,2741.894491,0.075755,-0.889276,2.736853,0.000126,2741.894491,0.075755,-0.889276,2.736853,0.000126,0,0,0,0,0.0,0,0,0,0,0.0,0,0,0,0,0.0,0,0,0,0,0.0,0,0,0,0,0.0,0,0,0,0,0.0,0,0,0,0,0.0,0,0,0,0,0.0,0,0,0,0,0.0,0,0,0,0,0.0,0,0,0,0,0.0,0,0,0,0,0.0,0,0,0,0,0.0,0,0,0,0,0.0
58,14792163,2749.897213,-22.307804,36.525490,16.430161,0.000029,2749.897213,-22.307804,36.525490,16.430161,0.000029,0,0,0,0,0.0,0,0,0,0,0.0,0,0,0,0,0.0,0,0,0,0,0.0,0,0,0,0,0.0,0,0,0,0,0.0,0,0,0,0,0.0,0,0,0,0,0.0,0,0,0,0,0.0,0,0,0,0,0.0,0,0,0,0,0.0,0,0,0,0,0.0,0,0,0,0,0.0,0,0,0,0,0.0
59,11416707,2783.970617,16.855551,-30.158995,1.354397,0.000004,2783.970617,16.855551,-30.158995,1.354397,0.000004,0,0,0,0,0.0,0,0,0,0,0.0,0,0,0,0,0.0,0,0,0,0,0.0,0,0,0,0,0.0,0,0,0,0,0.0,0,0,0,0,0.0,0,0,0,0,0.0,0,0,0,0,0.0,0,0,0,0,0.0,0,0,0,0,0.0,0,0,0,0,0.0,0,0,0,0,0.0,0,0,0,0,0.0
60,7842896,2772.969168,19.370593,-18.898701,-8.282129,-0.000052,2772.969168,19.370593,-18.898701,-8.282129,-0.000052,0,0,0,0,0.0,0,0,0,0,0.0,0,0,0,0,0.0,0,0,0,0,0.0,0,0,0,0,0.0,0,0,0,0,0.0,0,0,0,0,0.0,0,0,0,0,0.0,0,0,0,0,0.0,0,0,0,0,0.0,0,0,0,0,0.0,0,0,0,0,0.0,0,0,0,0,0.0,0,0,0,0,0.0
61,2508431,2764.607017,-0.022689,0.274128,-1.363996,-0.000084,2764.607017,-0.022689,0.274128,-1.363996,-0.000084,0,0,0,0,0.0,0,0,0,0,0.0,0,0,0,0,0.0,0,0,0,0,0.0,0,0,0,0,0.0,0,0,0,0,0.0,0,0,0,0,0.0,0,0,0,0,0.0,0,0,0,0,0.0,0,0,0,0,0.0,0,0,0,0,0.0,0,0,0,0,0.0,0,0,0,0,0.0,0,0,0,0,0.0
62,2918755,2762.264125,-0.032342,0.304463,-0.565661,-0.000026,2762.264125,-0.032342,0.304463,-0.565661,-0.000026,0,0,0,0,0.0,0,0,0,0,0.0,0,0,0,0,0.0,0,0,0,0,0.0,0,0,0,0,0.0,0,0,0,0,0.0,0,0,0,0,0.0,0,0,0,0,0.0,0,0,0,0,0.0,0,0,0,0,0.0,0,0,0,0,0.0,0,0,0,0,0.0,0,0,0,0,0.0,0,0,0,0,0.0
63,5457837,2762.976439,0.199000,-0.830048,-0.301545,-0.000004,2762.976439,0.199000,-0.830048,-0.301545,-0.000004,0,0,0,0,0.0,0,0,0,0,0.0,0,0,0,0,0.0,0,0,0,0,0.0,0,0,0,0,0.0,0,0,0,0,0.0,0,0,0,0,0.0,0,0,0,0,0.0,0,0,0,0,0.0,0,0,0,0,0.0,0,0,0,0,0.0,0,0,0,0,0.0,0,0,0,0,0.0,0,0,0,0,0.0
64,10697696,2759.994604,-0.835816,2.335491,-0.448265,-0.000002,2759.994604,-0.835816,2.335491,-0.448265,-0.000002,0,0,0,0,0.0,0,0,0,0,0.0,0,0,0,0,0.0,0,0,0,0,0.0,0,0,0,0,0.0,0,0,0,0,0.0,0,0,0,0,0.0,0,0,0,0,0.0,0,0,0,0,0.0,0,0,0,0,0.0,0,0,0,0,0.0,0,0,0,0,0.0,0,0,0,0,0.0,0,0,0,0,0.0
65,4551854,2761.883216,0.069945,-0.431727,0.028130,0.000001,2761.883216,0.069945,-0.431727,0.028130,0.000001,0,0,0,0,0.0,0,0,0,0,0.0,0,0,0,0,0.0,0,0,0,0,0.0,0,0,0,0,0.0,0,0,0,0,0.0,0,0,0,0,0.0,0,0,0,0,0.0,0,0,0,0,0.0,0,0,0,0,0.0,0,0,0,0,0.0,0,0,0,0,0.0,0,0,0,0,0.0,0,0,0,0,0.0
66,14190943,2759.623633,-0.350963,2.139250,0.913283,0.000002,2759.623633,-0.350963,2.139250,0.913283,0.000002,0,0,0,0,0.0,0,0,0,0,0.0,0,0,0,0,0.0,0,0,0,0,0.0,0,0,0,0,0.0,0,0,0,0,0.0,0,0,0,0,0.0,0,0,0,0,0.0,0,0,0,0,0.0,0,0,0,0,0.0,0,0,0,0,0.0,0,0,0,0,0.0,0,0,0,0,0.0,0,0,0,0,0.0
67,6076710,2765.643426,-0.214963,0.727301,1.487769,0.000016,2765.643426,-0.214963,0.727301,1.487769,0.000016,0,0,0,0,0.0,0,0,0,0,0.0,0,0,0,0,0.0,0,0,0,0,0.0,0,0,0,0,0.0,0,0,0,0,0.0,0,0,0,0,0.0,0,0,0,0,0.0,0,0,0,0,0.0,0,0,0,0,0.0,0,0,0,0,0.0,0,0,0,0,0.0,0,0,0,0,0.0,0,0,0,0,0.0
68,18072886,2770.061772,56.577444,-47.075601,-5.945450,-0.000007,2770.061772,56.577444,-47.075601,-5.945450,-0.000007,0,0,0,0,0.0,0,0,0,0,0.0,0,0,0,0,0.0,0,0,0,0,0.0,0,0,0,0,0.0,0,0,0,0,0.0,0,0,0,0,0.0,0,0,0,0,0.0,0,0,0,0,0.0,0,0,0,0,0.0,0,0,0,0,0.0,0,0,0,0,0.0,0,0,0,0,0.0,0,0,0,0,0.0
69,4861963,2762.253970,0.728764,-1.666787,-2.343366,-0.000038,2762.253970,0.728764,-1.666787,-2.343366,-0.000038,0,0,0,0,0.0,0,0,0,0,0.0,0,0,0,0,0.0,0,0,0,0,0.0,0,0,0,0,0.0,0,0,0,0,0.0,0,0,0,0,0.0,0,0,0,0,0.0,0,0,0,0,0.0,0,0,0,0,0.0,0,0,0,0,0.0,0,0,0,0,0.0,0,0,0,0,0.0,0,0,0,0,0.0
70,4423105,2756.959591,-0.027317,0.381310,-1.240308,-0.000025,2756.959591,-0.027317,0.381310,-1.240308,-0.000025,0,0,0,0,0.0,0,0,0,0,0.0,0,0,0,0,0.0,0,0,0,0,0.0,0,0,0,0,0.0,0,0,0,0,0.0,0,0,0,0,0.0,0,0,0,0,0.0,0,0,0,0,0.0,0,0,0,0,0.0,0,0,0,0,0.0,0,0,0,0,0.0,0,0,0,0,0.0,0,0,0,0,0.0
71,4067941,2757.193447,0.054846,-0.388984,0.257497,0.000006,2757.193447,0.054846,-0.388984,0.257497,0.000006,0,0,0,0,0.0,0,0,0,0,0.0,0,0,0,0,0.0,0,0,0,0,0.0,0,0,0,0,0.0,0,0,0,0,0.0,0,0,0,0,0.0,0,0,0,0,0.0,0,0,0,0,0.0,0,0,0,0,0.0,0,0,0,0,0.0,0,0,0,0,0.0,0,0,0,0,0.0,0,0,0,0,0.0
72,20884322,2760.194827,-20.446362,32.267501,15.180304,0.000013,2760.194827,-20.446362,32.267501,15.180304,0.000013,0,0,0,0,0.0,0,0,0,0,0.0,0,0,0,0,0.0,0,0,0,0,0.0,0,0,0,0,0.0,0,0,0,0,0.0,0,0,0,0,0.0,0,0,0,0,0.0,0,0,0,0,0.0,0,0,0,0,0.0,0,0,0,0,0.0,0,0,0,0,0.0,0,0,0,0,0.0,0,0,0,0,0.0
73,9415262,2780.629354,-0.528303,2.618478,8.863872,0.000039,2780.629354,-0.528303,2.618478,8.863872,0.000039,0,0,0,0,0.0,0,0,0,0,0.0,0,0,0,0,0.0,0,0,0,0,0.0,0,0,0,0,0.0,0,0,0,0,0.0,0,0,0,0,0.0,0,0,0,0,0.0,0,0,0,0,0.0,0,0,0,0,0.0,0,0,0,0,0.0,0,0,0,0,0.0,0,0,0,0,0.0,0,0,0,0,0.0
74,5909105,2795.447010,-0.156520,0.719198,6.480259,0.000072,2795.447010,-0.156520,0.719198,6.480259,0.000072,0,0,0,0,0.0,0,0,0,0,0.0,0,0,0,0,0.0,0,0,0,0,0.0,0,0,0,0,0.0,0,0,0,0,0.0,0,0,0,0,0.0,0,0,0,0,0.0,0,0,0,0,0.0,0,0,0,0,0.0,0,0,0,0,0.0,0,0,0,0,0.0,0,0,0,0,0.0,0,0,0,0,0.0
75,6352528,2807.623558,-4.165669,6.969857,8.562896,0.000082,2807.623558,-4.165669,6.969857,8.562896,0.000082,0,0,0,0,0.0,0,0,0,0,0.0,0,0,0,0,0.0,0,0,0,0,0.0,0,0,0,0,0.0,0,0,0,0,0.0,0,0,0,0,0.0,0,0,0,0,0.0,0,0,0,0,0.0,0,0,0,0,0.0,0,0,0,0,0.0,0,0,0,0,0.0,0,0,0,0,0.0,0,0,0,0,0.0
76,3576333,2820.982137,-1.434965,3.313167,2.860504,0.000087,2820.982137,-1.434965,3.313167,2.860504,0.000087,0,0,0,0,0.0,0,0,0,0,0.0,0,0,0,0,0.0,0,0,0,0,0.0,0,0,0,0,0.0,0,0,0,0,0.0,0,0,0,0,0.0,0,0,0,0,0.0,0,0,0,0,0.0,0,0,0,0,0.0,0,0,0,0,0.0,0,0,0,0,0.0,0,0,0,0,0.0,0,0,0,0,0.0
77,4268544,2823.523941,1.523733,-3.710547,-0.798192,-0.000017,2823.523941,1.523733,-3.710547,-0.798192,-0.000017,0,0,0,0,0.0,0,0,0,0,0.0,0,0,0,0,0.0,0,0,0,0,0.0,0,0,0,0,0.0,0,0,0,0,0.0,0,0,0,0,0.0,0,0,0,0,0.0,0,0,0,0,0.0,0,0,0,0,0.0,0,0,0,0,0.0,0,0,0,0,0.0,0,0,0,0,0.0,0,0,0,0,0.0
78,5728461,2819.223360,102.102375,-10.344926,-2.417831,-0.000029,2819.223360,102.102375,-10.344926,-2.417831,-0.000029,0,0,0,0,0.0,0,0,0,0,0.0,0,0,0,0,0.0,0,0,0,0,0.0,0,0,0,0,0.0,0,0,0,0,0.0,0,0,0,0,0.0,0,0,0,0,0.0,0,0,0,0,0.0,0,0,0,0,0.0,0,0,0,0,0.0,0,0,0,0,0.0,0,0,0,0,0.0,0,0,0,0,0.0
79,432863,2818.972877,-0.001421,0.007071,-0.008799,-0.000018,2818.972877,-0.001421,0.007071,-0.008799,-0.000018,0,0,0,0,0.0,0,0,0,0,0.0,0,0,0,0,0.0,0,0,0,0,0.0,0,0,0,0,0.0,0,0,0,0,0.0,0,0,0,0,0.0,0,0,0,0,0.0,0,0,0,0,0.0,0,0,0,0,0.0,0,0,0,0,0.0,0,0,0,0,0.0,0,0,0,0,0.0,0,0,0,0,0.0
80,172226,2818.972877,-0.000033,0.000292,0,0.0,2818.972877,-0.000033,0.000292,0,0.0,0,0,0,0,0.0,0,0,0,0,0.0,0,0,0,0,0.0,0,0,0,0,0.0,0,0,0,0,0.0,0,0,0,0,0.0,0,0,0,0,0.0,0,0,0,0,0.0,0,0,0,0,0.0,0,0,0,0,0.0,0,0,0,0,0.0,0,0,0,0,0.0,0,0,0,0,0.0,0,0,0,0,0.0
81,904974,2818.972877,0.000457,-0.005260,-0.014967,-0.000007,2818.972877,0.000457,-0.005260,-0.014967,-0.000007,0,0,0,0,0.0,0,0,0,0,0.0,0,0,0,0,0.0,0,0,0,0,0.0,0,0,0,0,0.0,0,0,0,0,0.0,0,0,0,0,0.0,0,0,0,0,0.0,0,0,0,0,0.0,0,0,0,0,0.0,0,0,0,0,0.0,0,0,0,0,0.0,0,0,0,0,0.0,0,0,0,0,0.0
82,612385,2818.818730,-0.012484,0.107960,-0.038568,-0.000040,2818.818730,-0.012484,0.107960,-0.038568,-0.000040,0,0,0,0,0.0,0,0,0,0,0.0,0,0,0,0,0.0,0,0,0,0,0.0,0,0,0,0,0.0,0,0,0,0,0.0,0,0,0,0,0.0,0,0,0,0,0.0,0,0,0,0,0.0,0,0,0,0,0.0,0,0,0,0,0.0,0,0,0,0,0.0,0,0,0,0,0.0,0,0,0,0,0.0
83,4047858,2818.693019,14.824253,-17.505025,-4.693536,-0.000111,2818.693019,14.824253,-17.505025,-4.693536,-0.000111,0,0,0,0,0.0,0,0,0,0,0.0,0,0,0,0,0.0,0,0,0,0,0.0,0,0,0,0,0.0,0,0,0,0,0.0,0,0,0,0,0.0,0,0,0,0,0.0,0,0,0,0,0.0,0,0,0,0,0.0,0,0,0,0,0.0,0,0,0,0,0.0,0,0,0,0,0.0,0,0,0,0,0.0
84,1110479,2811.374803,0.058784,0.203047,-0.787727,-0.000248,2811.374803,0.058784,0.203047,-0.787727,-0.000248,0,0,0,0,0.0,0,0,0,0,0.0,0,0,0,0,0.0,0,0,0,0,0.0,0,0,0,0,0.0,0,0,0,0,0.0,0,0,0,0,0.0,0,0,0,0,0.0,0,0,0,0,0.0,0,0,0,0,0.0,0,0,0,0,0.0,0,0,0,0,0.0,0,0,0,0,0.0,0,0,0,0,0.0
85,2082394,2811.374803,-10.941026,12.174923,3.010661,0.000269,2811.374803,-10.941026,12.174923,3.010661,0.000269,0,0,0,0,0.0,0,0,0,0,0.0,0,0,0,0,0.0,0,0,0,0,0.0,0,0,0,0,0.0,0,0,0,0,0.0,0,0,0,0,0.0,0,0,0,0,0.0,0,0,0,0,0.0,0,0,0,0,0.0,0,0,0,0,0.0,0,0,0,0,0.0,0,0,0,0,0.0,0,0,0,0,0.0
86,494521,2815.841729,0.038973,-0.271378,0.428611,0.000679,2815.841729,0.038973,-0.271378,0.428611,0.000679,0,0,0,0,0.0,0,0,0,0,0.0,0,0,0,0,0.0,0,0,0,0,0.0,0,0,0,0,0.0,0,0,0,0,0.0,0,0,0,0,0.0,0,0,0,0,0.0,0,0,0,0,0.0,0,0,0,0,0.0,0,0,0,0,0.0,0,0,0,0,0.0,0,0,0,0,0.0,0,0,0,0,0.0
87,1050305,2815.841729,-0.644963,2.027618,1.416527,0.000498,2815.841729,-0.644963,2.027618,1.416527,0.000498,0,0,0,0,0.0,0,0,0,0,0.0,0,0,0,0,0.0,0,0,0,0,0.0,0,0,0,0,0.0,0,0,0,0,0.0,0,0,0,0,0.0,0,0,0,0,0.0,0,0,0,0,0.0,0,0,0,0,0.0,0,0,0,0,0.0,0,0,0,0,0.0,0,0,0,0,0.0,0,0,0,0,0.0
88,1195704,2821.779381,0.260264,-1.334567,1.580509,0.000428,2821.779381,0.260264,-1.334567,1.580509,0.000428,0,0,0,0,0.0,0,0,0,0,0.0,0,0,0,0,0.0,0,0,0,0,0.0,0,0,0,0,0.0,0,0,0,0,0.0,0,0,0,0,0.0,0,0,0,0,0.0,0,0,0,0,0.0,0,0,0,0,0.0,0,0,0,0,0.0,0,0,0,0,0.0,0,0,0,0,0.0,0,0,0,0,0.0
89,1005576,2821.779381,-0.081207,0.483458,0.625230,0.000240,2821.779381,-0.081207,0.483458,0.625230,0.000240,0,0,0,0,0.0,0,0,0,0,0.0,0,0,0,0,0.0,0,0,0,0,0.0,0,0,0,0,0.0,0,0,0,0,0.0,0,0,0,0,0.0,0,0,0,0,0.0,0,0,0,0,0.0,0,0,0,0,0.0,0,0,0,0,0.0,0,0,0,0,0.0,0,0,0,0,0.0,0,0,0,0,0.0
90,2906169,2826.849269,5.899990,-7.622415,1.589074,0.000073,2826.849269,5.899990,-7.622415,1.589074,0.000073,0,0,0,0,0.0,0,0,0,0,0.0,0,0,0,0,0.0,0,0,0,0,0.0,0,0,0,0,0.0,0,0,0,0,0.0,0,0,0,0,0.0,0,0,0,0,0.0,0,0,0,0,0.0,0,0,0,0,0.0,0,0,0,0,0.0,0,0,0,0,0.0,0,0,0,0,0.0,0,0,0,0,0.0
91,1170858,2826.339958,-0.246269,0.970804,0.716178,0.000202,2826.339958,-0.246269,0.970804,0.716178,0.000202,0,0,0,0,0.0,0,0,0,0,0.0,0,0,0,0,0.0,0,0,0,0,0.0,0,0,0,0,0.0,0,0,0,0,0.0,0,0,0,0,0.0,0,0,0,0,0.0,0,0,0,0,0.0,0,0,0,0,0.0,0,0,0,0,0.0,0,0,0,0,0.0,0,0,0,0,0.0,0,0,0,0,0.0
92,1344494,2830.428291,0.232483,-1.009036,1.092638,0.000234,2830.428291,0.232483,-1.009036,1.092638,0.000234,0,0,0,0,0.0,0,0,0,0,0.0,0,0,0,0,0.0,0,0,0,0,0.0,0,0,0,0,0.0,0,0,0,0,0.0,0,0,0,0,0.0,0,0,0,0,0.0,0,0,0,0,0.0,0,0,0,0,0.0,0,0,0,0,0.0,0,0,0,0,0.0,0,0,0,0,0.0,0,0,0,0,0.0
93,1687809,2830.428291,-0.028587,0.117927,0.108106,0.000015,2830.428291,-0.028587,0.117927,0.108106,0.000015,0,0,0,0,0.0,0,0,0,0,0.0,0,0,0,0,0.0,0,0,0,0,0.0,0,0,0,0,0.0,0,0,0,0,0.0,0,0,0,0,0.0,0,0,0,0,0.0,0,0,0,0,0.0,0,0,0,0,0.0,0,0,0,0,0.0,0,0,0,0,0.0,0,0,0,0,0.0,0,0,0,0,0.0
94,1361658,2831.022909,-0.041256,0.070473,0.132755,0.000028,2831.022909,-0.041256,0.070473,0.132755,0.000028,0,0,0,0,0.0,0,0,0,0,0.0,0,0,0,0,0.0,0,0,0,0,0.0,0,0,0,0,0.0,0,0,0,0,0.0,0,0,0,0,0.0,0,0,0,0,0.0,0,0,0,0,0.0,0,0,0,0,0.0,0,0,0,0,0.0,0,0,0,0,0.0,0,0,0,0,0.0,0,0,0,0,0.0
95,3280085,2831.022909,4.473834,-5.378811,-1.492730,-0.000054,2831.022909,4.473834,-5.378811,-1.492730,-0.000054,0,0,0,0,0.0,0,0,0,0,0.0,0,0,0,0,0.0,0,0,0,0,0.0,0,0,0,0,0.0,0,0,0,0,0.0,0,0,0,0,0.0,0,0,0,0,0.0,0,0,0,0,0.0,0,0,0,0,0.0,0,0,0,0,0.0,0,0,0,0,0.0,0,0,0,0,0.0,0,0,0,0,0.0
96,588256,2828.731232,-0.001447,0.028333,-0.234067,-0.000262,2828.731232,-0.001447,0.028333,-0.234067,-0.000262,0,0,0,0,0.0,0,0,0,0,0.0,0,0,0,0,0.0,0,0,0,0,0.0,0,0,0,0,0.0,0,0,0,0,0.0,0,0,0,0,0.0,0,0,0,0,0.0,0,0,0,0,0.0,0,0,0,0,0.0,0,0,0,0,0.0,0,0,0,0,0.0,0,0,0,0,0.0,0,0,0,0,0.0
97,1929578,2828.049874,-0.160164,0.496933,-0.138529,-0.000014,2828.049874,-0.160164,0.496933,-0.138529,-0.000014,0,0,0,0,0.0,0,0,0,0,0.0,0,0,0,0,0.0,0,0,0,0,0.0,0,0,0,0,0.0,0,0,0,0,0.0,0,0,0,0,0.0,0,0,0,0,0.0,0,0,0,0,0.0,0,0,0,0,0.0,0,0,0,0,0.0,0,0,0,0,0.0,0,0,0,0,0.0,0,0,0,0,0.0
98,1420606,2828.456196,-0.009427,0.099508,0.130670,0.000025,2828.456196,-0.009427,0.099508,0.130670,0.000025,0,0,0,0,0.0,0,0,0,0,0.0,0,0,0,0,0.0,0,0,0,0,0.0,0,0,0,0,0.0,0,0,0,0,0.0,0,0,0,0,0.0,0,0,0,0,0.0,0,0,0,0,0.0,0,0,0,0,0.0,0,0,0,0,0.0,0,0,0,0,0.0,0,0,0,0,0.0,0,0,0,0,0.0
99,1778089,2829.431981,0.097720,-0.827932,0.184090,0.000023,2829.431981,0.097720,-0.827932,0.184090,0.000023,0,0,0,0,0.0,0,0,0,0,0.0,0,0,0,0,0.0,0,0,0,0,0.0,0,0,0,0,0.0,0,0,0,0,0.0,0,0,0,0,0.0,0,0,0,0,0.0,0,0,0,0,0.0,0,0,0,0,0.0,0,0,0,0,0.0,0,0,0,0,0.0,0,0,0,0,0.0,0,0,0,0,0.0
100,13789518,2828.035464,-31775.304279,3052.490836,64.266756,0.000131,2828.035464,-31775.304279,3052.490836,64.266756,0.000131,0,0,0,0,0.0,0,0,0,0,0.0,0,0,0,0,0.0,0,0,0,0,0.0,0,0,0,0,0.0,0,0,0,0,0.0,0,0,0,0,0.0,0,0,0,0,0.0,0,0,0,0,0.0,0,0,0,0,0.0,0,0,0,0,0.0,0,0,0,0,0.0,0,0,0,0,0.0,0,0,0,0,0.0
101,461847,2836.302571,0.003594,-0.023208,0.231346,0.000420,2836.302571,0.003594,-0.023208,0.231346,0.000420,0,0,0,0,0.0,0,0,0,0,0.0,0,0,0,0,0.0,0,0,0,0,0.0,0,0,0,0,0.0,0,0,0,0,0.0,0,0,0,0,0.0,0,0,0,0,0.0,0,0,0,0,0.0,0,0,0,0,0.0,0,0,0,0,0.0,0,0,0,0,0.0,0,0,0,0,0.0,0,0,0,0,0.0
102,416622,2836.834062,-0.000258,-0.007328,0.197304,0.000440,2836.834062,-0.000258,-0.007328,0.197304,0.000440,0,0,0,0,0.0,0,0,0,0,0.0,0,0,0,0,0.0,0,0,0,0,0.0,0,0,0,0,0.0,0,0,0,0,0.0,0,0,0,0,0.0,0,0,0,0,0.0,0,0,0,0,0.0,0,0,0,0,0.0,0,0,0,0,0.0,0,0,0,0,0.0,0,0,0,0,0.0,0,0,0,0,0.0
103,843616,2837.709561,0.068713,-0.282778,0.326780,0.000178,2837.709561,0.068713,-0.282778,0.326780,0.000178,0,0,0,0,0.0,0,0,0,0,0.0,0,0,0,0,0.0,0,0,0,0,0.0,0,0,0,0,0.0,0,0,0,0,0.0,0,0,0,0,0.0,0,0,0,0,0.0,0,0,0,0,0.0,0,0,0,0,0.0,0,0,0,0,0.0,0,0,0,0,0.0,0,0,0,0,0.0,0,0,0,0,0.0
104,1715262,2837.894242,-0.296240,1.180089,0.778389,0.000103,2837.894242,-0.296240,1.180089,0.778389,0.000103,0,0,0,0,0.0,0,0,0,0,0.0,0,0,0,0,0.0,0,0,0,0,0.0,0,0,0,0,0.0,0,0,0,0,0.0,0,0,0,0,0.0,0,0,0,0,0.0,0,0,0,0,0.0,0,0,0,0,0.0,0,0,0,0,0.0,0,0,0,0,0.0,0,0,0,0,0.0,0,0,0,0,0.0
105,593104,2842.648153,0.015320,-0.250503,0.387854,0.000427,2842.648153,0.015320,-0.250503,0.387854,0.000427,0,0,0,0,0.0,0,0,0,0,0.0,0,0,0,0,0.0,0,0,0,0,0.0,0,0,0,0,0.0,0,0,0,0,0.0,0,0,0,0,0.0,0,0,0,0,0.0,0,0,0,0,0.0,0,0,0,0,0.0,0,0,0,0,0.0,0,0,0,0,0.0,0,0,0,0,0.0,0,0,0,0,0.0
106,5097265,2837.432248,-74.715748,56.163751,5.294886,0.000079,2837.432248,-74.715748,56.163751,5.294886,0.000079,0,0,0,0,0.0,0,0,0,0,0.0,0,0,0,0,0.0,0,0,0,0,0.0,0,0,0,0,0.0,0,0,0,0,0.0,0,0,0,0,0.0,0,0,0,0,0.0,0,0,0,0,0.0,0,0,0,0,0.0,0,0,0,0,0.0,0,0,0,0,0.0,0,0,0,0,0.0,0,0,0,0,0.0
107,1842943,2844.521729,-0.617880,0.570066,1.765433,0.000201,2844.521729,-0.617880,0.570066,1.765433,0.000201,0,0,0,0,0.0,0,0,0,0,0.0,0,0,0,0,0.0,0,0,0,0,0.0,0,0,0,0,0.0,0,0,0,0,0.0,0,0,0,0,0.0,0,0,0,0,0.0,0,0,0,0,0.0,0,0,0,0,0.0,0,0,0,0,0.0,0,0,0,0,0.0,0,0,0,0,0.0,0,0,0,0,0.0
108,524826,2846.327689,0.006123,-0.071299,0.192839,0.000271,2846.327689,0.006123,-0.071299,0.192839,0.000271,0,0,0,0,0.0,0,0,0,0,0.0,0,0,0,0,0.0,0,0,0,0,0.0,0,0,0,0,0.0,0,0,0,0,0.0,0,0,0,0,0.0,0,0,0,0,0.0,0,0,0,0,0.0,0,0,0,0,0.0,0,0,0,0,0.0,0,0,0,0,0.0,0,0,0,0,0.0,0,0,0,0,0.0
109,1494413,2846.240826,-0.038881,0.091203,-0.016077,-0.000003,2846.240826,-0.038881,0.091203,-0.016077,-0.000003,0,0,0,0,0.0,0,0,0,0,0.0,0,0,0,0,0.0,0,0,0,0,0.0,0,0,0,0,0.0,0,0,0,0,0.0,0,0,0,0,0.0,0,0,0,0,0.0,0,0,0,0,0.0,0,0,0,0,0.0,0,0,0,0,0.0,0,0,0,0,0.0,0,0,0,0,0.0,0,0,0,0,0.0
110,1623463,2846.290345,0.002711,-0.025335,-0.028884,-0.000004,2846.290345,0.002711,-0.025335,-0.028884,-0.000004,0,0,0,0,0.0,0,0,0,0,0.0,0,0,0,0,0.0,0,0,0,0,0.0,0,0,0,0,0.0,0,0,0,0,0.0,0,0,0,0,0.0,0,0,0,0,0.0,0,0,0,0,0.0,0,0,0,0,0.0,0,0,0,0,0.0,0,0,0,0,0.0,0,0,0,0,0.0,0,0,0,0,0.0
111,679645,2845.792001,0.000893,-0.013658,-0.073531,-0.000062,2845.792001,0.000893,-0.013658,-0.073531,-0.000062,0,0,0,0,0.0,0,0,0,0,0.0,0,0,0,0,0.0,0,0,0,0,0.0,0,0,0,0,0.0,0,0,0,0,0.0,0,0,0,0,0.0,0,0,0,0,0.0,0,0,0,0,0.0,0,0,0,0,0.0,0,0,0,0,0.0,0,0,0,0,0.0,0,0,0,0,0.0,0,0,0,0,0.0
112,9003465,2845.792001,-41.394210,44.777281,11.975960,0.000057,2845.792001,-41.394210,44.777281,11.975960,0.000057,0,0,0,0,0.0,0,0,0,0,0.0,0,0,0,0,0.0,0,0,0,0,0.0,0,0,0,0,0.0,0,0,0,0,0.0,0,0,0,0,0.0,0,0,0,0,0.0,0,0,0,0,0.0,0,0,0,0,0.0,0,0,0,0,0.0,0,0,0,0,0.0,0,0,0,0,0.0,0,0,0,0,0.0
113,4260500,2860.105691,-0.782070,2.961660,6.814077,0.000145,2860.105691,-0.782070,2.961660,6.814077,0.000145,0,0,0,0,0.0,0,0,0,0,0.0,0,0,0,0,0.0,0,0,0,0,0.0,0,0,0,0,0.0,0,0,0,0,0.0,0,0,0,0,0.0,0,0,0,0,0.0,0,0,0,0,0.0,0,0,0,0,0.0,0,0,0,0,0.0,0,0,0,0,0.0,0,0,0,0,0.0,0,0,0,0,0.0
114,1119979,2885.031736,0.028117,-0.531786,2.734845,0.000845,2885.031736,0.028117,-0.531786,2.734845,0.000845,0,0,0,0,0.0,0,0,0,0,0.0,0,0,0,0,0.0,0,0,0,0,0.0,0,0,0,0,0.0,0,0,0,0,0.0,0,0,0,0,0.0,0,0,0,0,0.0,0,0,0,0,0.0,0,0,0,0,0.0,0,0,0,0,0.0,0,0,0,0,0.0,0,0,0,0,0.0,0,0,0,0,0.0
115,10639915,2888.104253,-57.281506,68.231161,20.806852,0.000071,2888.104253,-57.281506,68.231161,20.806852,0.000071,0,0,0,0,0.0,0,0,0,0,0.0,0,0,0,0,0.0,0,0,0,0,0.0,0,0,0,0,0.0,0,0,0,0,0.0,0,0,0,0,0.0,0,0,0,0,0.0,0,0,0,0,0.0,0,0,0,0,0.0,0,0,0,0,0.0,0,0,0,0,0.0,0,0,0,0,0.0,0,0,0,0,0.0
116,1598191,2919.000000,0.052632,-0.727666,2.147958,0.000326,2919.000000,0.052632,-0.727666,2.147958,0.000326,0,0,0,0,0.0,0,0,0,0,0.0,0,0,0,0,0.0,0,0,0,0,0.0,0,0,0,0,0.0,0,0,0,0,0.0,0,0,0,0,0.0,0,0,0,0,0.0,0,0,0,0,0.0,0,0,0,0,0.0,0,0,0,0,0.0,0,0,0,0,0.0,0,0,0,0,0.0,0,0,0,0,0.0
117,6866808,2921.708077,3.808238,-4.426564,6.272199,0.000052,2921.708077,3.808238,-4.426564,6.272199,0.000052,0,0,0,0,0.0,0,0,0,0,0.0,0,0,0,0,0.0,0,0,0,0,0.0,0,0,0,0,0.0,0,0,0,0,0.0,0,0,0,0,0.0,0,0,0,0,0.0,0,0,0,0,0.0,0,0,0,0,0.0,0,0,0,0,0.0,0,0,0,0,0.0,0,0,0,0,0.0,0,0,0,0,0.0
118,9703127,2940.000000,-428.530259,248.851122,42.909181,0.000177,2940.000000,-428.530259,248.851122,42.909181,0.000177,0,0,0,0,0.0,0,0,0,0,0.0,0,0,0,0,0.0,0,0,0,0,0.0,0,0,0,0,0.0,0,0,0,0,0.0,0,0,0,0,0.0,0,0,0,0,0.0,0,0,0,0,0.0,0,0,0,0,0.0,0,0,0,0,0.0,0,0,0,0,0.0,0,0,0,0,0.0,0,0,0,0,0.0
119,2435634,2969.000000,-0.254384,0.190958,5.237533,0.000342,2969.000000,-0.254384,0.190958,5.237533,0.000342,0,0,0,0,0.0,0,0,0,0,0.0,0,0,0,0,0.0,0,0,0,0,0.0,0,0,0,0,0.0,0,0,0,0,0.0,0,0,0,0,0.0,0,0,0,0,0.0,0,0,0,0,0.0,0,0,0,0,0.0,0,0,0,0,0.0,0,0,0,0,0.0,0,0,0,0,0.0,0,0,0,0,0.0
120,1310903,2978.000000,0.071028,-0.618691,1.926597,0.000434,2978.000000,0.071028,-0.618691,1.926597,0.000434,0,0,0,0,0.0,0,0,0,0,0.0,0,0,0,0,0.0,0,0,0,0,0.0,0,0,0,0,0.0,0,0,0,0,0.0,0,0,0,0,0.0,0,0,0,0,0.0,0,0,0,0,0.0,0,0,0,0,0.0,0,0,0,0,0.0,0,0,0,0,0.0,0,0,0,0,0.0,0,0,0,0,0.0
121,3396915,2982.000000,-0.419851,1.496721,4.219963,0.000142,2982.000000,-0.419851,1.496721,4.219963,0.000142,0,0,0,0,0.0,0,0,0,0,0.0,0,0,0,0,0.0,0,0,0,0,0.0,0,0,0,0,0.0,0,0,0,0,0.0,0,0,0,0,0.0,0,0,0,0,0.0,0,0,0,0,0.0,0,0,0,0,0.0,0,0,0,0,0.0,0,0,0,0,0.0,0,0,0,0,0.0,0,0,0,0,0.0
122,4050140,2992.000000,-5.494990,8.496684,7.990608,0.000189,2992.000000,-5.494990,8.496684,7.990608,0.000189,0,0,0,0,0.0,0,0,0,0,0.0,0,0,0,0,0.0,0,0,0,0,0.0,0,0,0,0,0.0,0,0,0,0,0.0,0,0,0,0,0.0,0,0,0,0,0.0,0,0,0,0,0.0,0,0,0,0,0.0,0,0,0,0,0.0,0,0,0,0,0.0,0,0,0,0,0.0,0,0,0,0,0.0
123,2066310,3004.000000,0.119297,-0.798741,2.723826,0.000247,3004.000000,0.119297,-0.798741,2.723826,0.000247,0,0,0,0,0.0,0,0,0,0,0.0,0,0,0,0,0.0,0,0,0,0,0.0,0,0,0,0,0.0,0,0,0,0,0.0,0,0,0,0,0.0,0,0,0,0,0.0,0,0,0,0,0.0,0,0,0,0,0.0,0,0,0,0,0.0,0,0,0,0,0.0,0,0,0,0,0.0,0,0,0,0,0.0
124,2543701,3009.000000,0.075041,-0.495118,2.358016,0.000141,3009.000000,0.075041,-0.495118,2.358016,0.000141,0,0,0,0,0.0,0,0,0,0,0.0,0,0,0,0,0.0,0,0,0,0,0.0,0,0,0,0,0.0,0,0,0,0,0.0,0,0,0,0,0.0,0,0,0,0,0.0,0,0,0,0,0.0,0,0,0,0,0.0,0,0,0,0,0.0,0,0,0,0,0.0,0,0,0,0,0.0,0,0,0,0,0.0
125,4869281,3020.063687,1.779383,-5.081252,6.093427,0.000100,3020.063687,1.779383,-5.081252,6.093427,0.000100,0,0,0,0,0.0,0,0,0,0,0.0,0,0,0,0,0.0,0,0,0,0,0.0,0,0,0,0,0.0,0,0,0,0,0.0,0,0,0,0,0.0,0,0,0,0,0.0,0,0,0,0,0.0,0,0,0,0,0.0,0,0,0,0,0.0,0,0,0,0,0.0,0,0,0,0,0.0,0,0,0,0,0.0
126,9510189,3032.864919,-81.968103,74.637211,24.275859,0.000104,3032.864919,-81.968103,74.637211,24.275859,0.000104,0,0,0,0,0.0,0,0,0,0,0.0,0,0,0,0,0.0,0,0,0,0,0.0,0,0,0,0,0.0,0,0,0,0,0.0,0,0,0,0,0.0,0,0,0,0,0.0,0,0,0,0,0.0,0,0,0,0,0.0,0,0,0,0,0.0,0,0,0,0,0.0,0,0,0,0,0.0,0,0,0,0,0.0
127,3160172,3055.926669,-1.705260,2.917959,6.612390,0.000257,3055.926669,-1.705260,2.917959,6.612390,0.000257,0,0,0,0,0.0,0,0,0,0,0.0,0,0,0,0,0.0,0,0,0,0,0.0,0,0,0,0,0.0,0,0,0,0,0.0,0,0,0,0,0.0,0,0,0,0,0.0,0,0,0,0,0.0,0,0,0,0,0.0,0,0,0,0,0.0,0,0,0,0,0.0,0,0,0,0,0.0,0,0,0,0,0.0
128,2311195,3065.883965,0.304514,-1.056362,3.404947,0.000247,3065.883965,0.304514,-1.056362,3.404947,0.000247,0,0,0,0,0.0,0,0,0,0,0.0,0,0,0,0,0.0,0,0,0,0,0.0,0,0,0,0,0.0,0,0,0,0,0.0,0,0,0,0,0.0,0,0,0,0,0.0,0,0,0,0,0.0,0,0,0,0,0.0,0,0,0,0,0.0,0,0,0,0,0.0,0,0,0,0,0.0,0,0,0,0,0.0
129,1899620,3072.000000,0.208064,-0.814601,2.304962,0.000248,3072.000000,0.208064,-0.814601,2.304962,0.000248,0,0,0,0,0.0,0,0,0,0,0.0,0,0,0,0,0.0,0,0,0,0,0.0,0,0,0,0,0.0,0,0,0,0,0.0,0,0,0,0,0.0,0,0,0,0,0.0,0,0,0,0,0.0,0,0,0,0,0.0,0,0,0,0,0.0,0,0,0,0,0.0,0,0,0,0,0.0,0,0,0,0,0.0
130,3529186,3078.000000,-10.148942,14.371137,8.610503,0.000268,3078.000000,-10.148942,14.371137,8.610503,0.000268,0,0,0,0,0.0,0,0,0,0,0.0,0,0,0,0,0.0,0,0,0,0,0.0,0,0,0,0,0.0,0,0,0,0,0.0,0,0,0,0,0.0,0,0,0,0,0.0,0,0,0,0,0.0,0,0,0,0,0.0,0,0,0,0,0.0,0,0,0,0,0.0,0,0,0,0,0.0,0,0,0,0,0.0
131,2629064,3090.000000,-0.604721,0.919430,5.013841,0.000281,3090.000000,-0.604721,0.919430,5.013841,0.000281,0,0,0,0,0.0,0,0,0,0,0.0,0,0,0,0,0.0,0,0,0,0,0.0,0,0,0,0,0.0,0,0,0,0,0.0,0,0,0,0,0.0,0,0,0,0,0.0,0,0,0,0,0.0,0,0,0,0,0.0,0,0,0,0,0.0,0,0,0,0,0.0,0,0,0,0,0.0,0,0,0,0,0.0
132,550264,3098.000000,0.025486,-0.285744,0.753379,0.000964,3098.000000,0.025486,-0.285744,0.753379,0.000964,0,0,0,0,0.0,0,0,0,0,0.0,0,0,0,0,0.0,0,0,0,0,0.0,0,0,0,0,0.0,0,0,0,0,0.0,0,0,0,0,0.0,0,0,0,0,0.0,0,0,0,0,0.0,0,0,0,0,0.0,0,0,0,0,0.0,0,0,0,0,0.0,0,0,0,0,0.0,0,0,0,0,0.0
133,3737997,3099.000000,-104.690923,75.387822,12.964453,0.000360,3099.000000,-104.690923,75.387822,12.964453,0.000360,0,0,0,0,0.0,0,0,0,0,0.0,0,0,0,0,0.0,0,0,0,0,0.0,0,0,0,0,0.0,0,0,0,0,0.0,0,0,0,0,0.0,0,0,0,0,0.0,0,0,0,0,0.0,0,0,0,0,0.0,0,0,0,0,0.0,0,0,0,0,0.0,0,0,0,0,0.0,0,0,0,0,0.0
134,766760,3111.000000,0.044982,-0.370264,1.285527,0.000847,3111.000000,0.044982,-0.370264,1.285527,0.000847,0,0,0,0,0.0,0,0,0,0,0.0,0,0,0,0,0.0,0,0,0,0,0.0,0,0,0,0,0.0,0,0,0,0,0.0,0,0,0,0,0.0,0,0,0,0,0.0,0,0,0,0,0.0,0,0,0,0,0.0,0,0,0,0,0.0,0,0,0,0,0.0,0,0,0,0,0.0,0,0,0,0,0.0
135,1023380,3113.000000,0.021221,-0.175698,0.851676,0.000315,3113.000000,0.021221,-0.175698,0.851676,0.000315,0,0,0,0,0.0,0,0,0,0,0.0,0,0,0,0,0.0,0,0,0,0,0.0,0,0,0,0,0.0,0,0,0,0,0.0,0,0,0,0,0.0,0,0,0,0,0.0,0,0,0,0,0.0,0,0,0,0,0.0,0,0,0,0,0.0,0,0,0,0,0.0,0,0,0,0,0.0,0,0,0,0,0.0
136,1878166,3116.349664,0.099887,-0.503682,1.931009,0.000212,3116.349664,0.099887,-0.503682,1.931009,0.000212,0,0,0,0,0.0,0,0,0,0,0.0,0,0,0,0,0.0,0,0,0,0,0.0,0,0,0,0,0.0,0,0,0,0,0.0,0,0,0,0,0.0,0,0,0,0,0.0,0,0,0,0,0.0,0,0,0,0,0.0,0,0,0,0,0.0,0,0,0,0,0.0,0,0,0,0,0.0,0,0,0,0,0.0
137,4243232,3124.000000,-2.890180,5.686272,7.918843,0.000170,3124.000000,-2.890180,5.686272,7.918843,0.000170,0,0,0,0,0.0,0,0,0,0,0.0,0,0,0,0,0.0,0,0,0,0,0.0,0,0,0,0,0.0,0,0,0,0,0.0,0,0,0,0,0.0,0,0,0,0,0.0,0,0,0,0,0.0,0,0,0,0,0.0,0,0,0,0,0.0,0,0,0,0,0.0,0,0,0,0,0.0,0,0,0,0,0.0
138,4239900,3137.000000,-3.190083,4.583678,7.709200,0.000166,3137.000000,-3.190083,4.583678,7.709200,0.000166,0,0,0,0,0.0,0,0,0,0,0.0,0,0,0,0,0.0,0,0,0,0,0.0,0,0,0,0,0.0,0,0,0,0,0.0,0,0,0,0,0.0,0,0,0,0,0.0,0,0,0,0,0.0,0,0,0,0,0.0,0,0,0,0,0.0,0,0,0,0,0.0,0,0,0,0,0.0,0,0,0,0,0.0
139,996358,3146.702393,0.059940,-0.449891,1.287060,0.000502,3146.702393,0.059940,-0.449891,1.287060,0.000502,0,0,0,0,0.0,0,0,0,0,0.0,0,0,0,0,0.0,0,0,0,0,0.0,0,0,0,0,0.0,0,0,0,0,0.0,0,0,0,0,0.0,0,0,0,0,0.0,0,0,0,0,0.0,0,0,0,0,0.0,0,0,0,0,0.0,0,0,0,0,0.0,0,0,0,0,0.0,0,0,0,0,0.0
140,3614940,3151.021711,-3.126724,6.548386,6.557380,0.000194,3151.021711,-3.126724,6.548386,6.557380,0.000194,0,0,0,0,0.0,0,0,0,0,0.0,0,0,0,0,0.0,0,0,0,0,0.0,0,0,0,0,0.0,0,0,0,0,0.0,0,0,0,0,0.0,0,0,0,0,0.0,0,0,0,0,0.0,0,0,0,0,0.0,0,0,0,0,0.0,0,0,0,0,0.0,0,0,0,0,0.0,0,0,0,0,0.0
141,2297039,3164.000000,-0.021209,-0.063953,4.902781,0.000360,3164.000000,-0.021209,-0.063953,4.902781,0.000360,0,0,0,0,0.0,0,0,0,0,0.0,0,0,0,0,0.0,0,0,0,0,0.0,0,0,0,0,0.0,0,0,0,0,0.0,0,0,0,0,0.0,0,0,0,0,0.0,0,0,0,0,0.0,0,0,0,0,0.0,0,0,0,0,0.0,0,0,0,0,0.0,0,0,0,0,0.0,0,0,0,0,0.0
142,2525361,3171.000000,-0.712440,1.756806,4.299223,0.000261,3171.000000,-0.712440,1.756806,4.299223,0.000261,0,0,0,0,0.0,0,0,0,0,0.0,0,0,0,0,0.0,0,0,0,0,0.0,0,0,0,0,0.0,0,0,0,0,0.0,0,0,0,0,0.0,0,0,0,0,0.0,0,0,0,0,0.0,0,0,0,0,0.0,0,0,0,0,0.0,0,0,0,0,0.0,0,0,0,0,0.0,0,0,0,0,0.0
143,850524,3181.000000,0.045361,-0.470572,1.341012,0.000718,3181.000000,0.045361,-0.470572,1.341012,0.000718,0,0,0,0,0.0,0,0,0,0,0.0,0,0,0,0,0.0,0,0,0,0,0.0,0,0,0,0,0.0,0,0,0,0,0.0,0,0,0,0,0.0,0,0,0,0,0.0,0,0,0,0,0.0,0,0,0,0,0.0,0,0,0,0,0.0,0,0,0,0,0.0,0,0,0,0,0.0,0,0,0,0,0.0
144,4269073,3182.000000,-2.559535,6.694913,4.774943,0.000102,3182.000000,-2.559535,6.694913,4.774943,0.000102,0,0,0,0,0.0,0,0,0,0,0.0,0,0,0,0,0.0,0,0,0,0,0.0,0,0,0,0,0.0,0,0,0,0,0.0,0,0,0,0,0.0,0,0,0,0,0.0,0,0,0,0,0.0,0,0,0,0,0.0,0,0,0,0,0.0,0,0,0,0,0.0,0,0,0,0,0.0,0,0,0,0,0.0
145,961268,3197.000000,0.022432,-0.356159,1.518167,0.000637,3197.000000,0.022432,-0.356159,1.518167,0.000637,0,0,0,0,0.0,0,0,0,0,0.0,0,0,0,0,0.0,0,0,0,0,0.0,0,0,0,0,0.0,0,0,0,0,0.0,0,0,0,0,0.0,0,0,0,0,0.0,0,0,0,0,0.0,0,0,0,0,0.0,0,0,0,0,0.0,0,0,0,0,0.0,0,0,0,0,0.0,0,0,0,0,0.0
146,6385677,3200.000000,-1.728378,6.354268,8.109547,0.000077,3200.000000,-1.728378,6.354268,8.109547,0.000077,0,0,0,0,0.0,0,0,0,0,0.0,0,0,0,0,0.0,0,0,0,0,0.0,0,0,0,0,0.0,0,0,0,0,0.0,0,0,0,0,0.0,0,0,0,0,0.0,0,0,0,0,0.0,0,0,0,0,0.0,0,0,0,0,0.0,0,0,0,0,0.0,0,0,0,0,0.0,0,0,0,0,0.0
147,3930921,3219.000000,0.418663,-0.313117,7.774431,0.000195,3219.000000,0.418663,-0.313117,7.774431,0.000195,0,0,0,0,0.0,0,0,0,0,0.0,0,0,0,0,0.0,0,0,0,0,0.0,0,0,0,0,0.0,0,0,0,0,0.0,0,0,0,0,0.0,0,0,0,0,0.0,0,0,0,0,0.0,0,0,0,0,0.0,0,0,0,0,0.0,0,0,0,0,0.0,0,0,0,0,0.0,0,0,0,0,0.0
148,4982635,3232.000000,-13.385429,17.787104,12.219194,0.000191,3232.000000,-13.385429,17.787104,12.219194,0.000191,0,0,0,0,0.0,0,0,0,0,0.0,0,0,0,0,0.0,0,0,0,0,0.0,0,0,0,0,0.0,0,0,0,0,0.0,0,0,0,0,0.0,0,0,0,0,0.0,0,0,0,0,0.0,0,0,0,0,0.0,0,0,0,0,0.0,0,0,0,0,0.0,0,0,0,0,0.0,0,0,0,0,0.0
149,1167329,3248.000000,0.113273,-0.766126,1.942716,0.000552,3248.000000,0.113273,-0.766126,1.942716,0.000552,0,0,0,0,0.0,0,0,0,0,0.0,0,0,0,0,0.0,0,0,0,0,0.0,0,0,0,0,0.0,0,0,0,0,0.0,0,0,0,0,0.0,0,0,0,0,0.0,0,0,0,0,0.0,0,0,0,0,0.0,0,0,0,0,0.0,0,0,0,0,0.0,0,0,0,0,0.0,0,0,0,0,0.0
150,3475386,3252.000000,-1.498302,3.921520,5.507590,0.000177,3252.000000,-1.498302,3.921520,5.507590,0.000177,0,0,0,0,0.0,0,0,0,0,0.0,0,0,0,0,0.0,0,0,0,0,0.0,0,0,0,0,0.0,0,0,0,0,0.0,0,0,0,0,0.0,0,0,0,0,0.0,0,0,0,0,0.0,0,0,0,0,0.0,0,0,0,0,0.0,0,0,0,0,0.0,0,0,0,0,0.0,0,0,0,0,0.0
151,2027892,3264.000000,0.342248,-0.964037,3.815725,0.000360,3264.000000,0.342248,-0.964037,3.815725,0.000360,0,0,0,0,0.0,0,0,0,0,0.0,0,0,0,0,0.0,0,0,0,0,0.0,0,0,0,0,0.0,0,0,0,0,0.0,0,0,0,0,0.0,0,0,0,0,0.0,0,0,0,0,0.0,0,0,0,0,0.0,0,0,0,0,0.0,0,0,0,0,0.0,0,0,0,0,0.0,0,0,0,0,0.0
152,3171596,3270.000000,-5.157684,7.768508,6.169509,0.000238,3270.000000,-5.157684,7.768508,6.169509,0.000238,0,0,0,0,0.0,0,0,0,0,0.0,0,0,0,0,0.0,0,0,0,0,0.0,0,0,0,0,0.0,0,0,0,0,0.0,0,0,0,0,0.0,0,0,0,0,0.0,0,0,0,0,0.0,0,0,0,0,0.0,0,0,0,0,0.0,0,0,0,0,0.0,0,0,0,0,0.0,0,0,0,0,0.0
153,619337,3279.000000,0.021128,-0.218074,0.958607,0.000968,3279.000000,0.021128,-0.218074,0.958607,0.000968,0,0,0,0,0.0,0,0,0,0,0.0,0,0,0,0,0.0,0,0,0,0,0.0,0,0,0,0,0.0,0,0,0,0,0.0,0,0,0,0,0.0,0,0,0,0,0.0,0,0,0,0,0.0,0,0,0,0,0.0,0,0,0,0,0.0,0,0,0,0,0.0,0,0,0,0,0.0,0,0,0,0,0.0
154,2669516,3282.000000,-0.607495,1.811831,3.776706,0.000205,3282.000000,-0.607495,1.811831,3.776706,0.000205,0,0,0,0,0.0,0,0,0,0,0.0,0,0,0,0,0.0,0,0,0,0,0.0,0,0,0,0,0.0,0,0,0,0,0.0,0,0,0,0,0.0,0,0,0,0,0.0,0,0,0,0,0.0,0,0,0,0,0.0,0,0,0,0,0.0,0,0,0,0,0.0,0,0,0,0,0.0,0,0,0,0,0.0
155,1488464,3289.000000,0.209081,-0.510145,2.392749,0.000418,3289.000000,0.209081,-0.510145,2.392749,0.000418,0,0,0,0,0.0,0,0,0,0,0.0,0,0,0,0,0.0,0,0,0,0,0.0,0,0,0,0,0.0,0,0,0,0,0.0,0,0,0,0,0.0,0,0,0,0,0.0,0,0,0,0,0.0,0,0,0,0,0.0,0,0,0,0,0.0,0,0,0,0,0.0,0,0,0,0,0.0,0,0,0,0,0.0
156,2162439,3294.000000,-2.262328,3.606366,4.168076,0.000345,3294.000000,-2.262328,3.606366,4.168076,0.000345,0,0,0,0,0.0,0,0,0,0,0.0,0,0,0,0,0.0,0,0,0,0,0.0,0,0,0,0,0.0,0,0,0,0,0.0,0,0,0,0,0.0,0,0,0,0,0.0,0,0,0,0,0.0,0,0,0,0,0.0,0,0,0,0,0.0,0,0,0,0,0.0,0,0,0,0,0.0,0,0,0,0,0.0
157,1102231,3300.000000,-0.097422,0.189438,2.016294,0.000643,3300.000000,-0.097422,0.189438,2.016294,0.000643,0,0,0,0,0.0,0,0,0,0,0.0,0,0,0,0,0.0,0,0,0,0,0.0,0,0,0,0,0.0,0,0,0,0,0.0,0,0,0,0,0.0,0,0,0,0,0.0,0,0,0,0,0.0,0,0,0,0,0.0,0,0,0,0,0.0,0,0,0,0,0.0,0,0,0,0,0.0,0,0,0,0,0.0
158,1311816,3304.000000,0.007099,-0.163555,1.738630,0.000392,3304.000000,0.007099,-0.163555,1.738630,0.000392,0,0,0,0,0.0,0,0,0,0,0.0,0,0,0,0,0.0,0,0,0,0,0.0,0,0,0,0,0.0,0,0,0,0,0.0,0,0,0,0,0.0,0,0,0,0,0.0,0,0,0,0,0.0,0,0,0,0,0.0,0,0,0,0,0.0,0,0,0,0,0.0,0,0,0,0,0.0,0,0,0,0,0.0
159,885128,3308.000000,0.058649,-0.377642,1.049477,0.000519,3308.000000,0.058649,-0.377642,1.049477,0.000519,0,0,0,0,0.0,0,0,0,0,0.0,0,0,0,0,0.0,0,0,0,0,0.0,0,0,0,0,0.0,0,0,0,0,0.0,0,0,0,0,0.0,0,0,0,0,0.0,0,0,0,0,0.0,0,0,0,0,0.0,0,0,0,0,0.0,0,0,0,0,0.0,0,0,0,0,0.0,0,0,0,0,0.0
160,3140014,3310.000000,-1.873763,4.074032,3.495848,0.000137,3310.000000,-1.873763,4.074032,3.495848,0.000137,0,0,0,0,0.0,0,0,0,0,0.0,0,0,0,0,0.0,0,0,0,0,0.0,0,0,0,0,0.0,0,0,0,0,0.0,0,0,0,0,0.0,0,0,0,0,0.0,0,0,0,0,0.0,0,0,0,0,0.0,0,0,0,0,0.0,0,0,0,0,0.0,0,0,0,0,0.0,0,0,0,0,0.0
161,492093,3318.000000,0.018850,-0.248751,0.588441,0.000942,3318.000000,0.018850,-0.248751,0.588441,0.000942,0,0,0,0,0.0,0,0,0,0,0.0,0,0,0,0,0.0,0,0,0,0,0.0,0,0,0,0,0.0,0,0,0,0,0.0,0,0,0,0,0.0,0,0,0,0,0.0,0,0,0,0,0.0,0,0,0,0,0.0,0,0,0,0,0.0,0,0,0,0,0.0,0,0,0,0,0.0,0,0,0,0,0.0
162,4132805,3319.000000,-55.819047,55.725142,13.568344,0.000308,3319.000000,-55.819047,55.725142,13.568344,0.000308,0,0,0,0,0.0,0,0,0,0,0.0,0,0,0,0,0.0,0,0,0,0,0.0,0,0,0,0,0.0,0,0,0,0,0.0,0,0,0,0,0.0,0,0,0,0,0.0,0,0,0,0,0.0,0,0,0,0,0.0,0,0,0,0,0.0,0,0,0,0,0.0,0,0,0,0,0.0,0,0,0,0,0.0
163,1158099,3336.000000,0.299147,-1.171521,2.579076,0.000745,3336.000000,0.299147,-1.171521,2.579076,0.000745,0,0,0,0,0.0,0,0,0,0,0.0,0,0,0,0,0.0,0,0,0,0,0.0,0,0,0,0,0.0,0,0,0,0,0.0,0,0,0,0,0.0,0,0,0,0,0.0,0,0,0,0,0.0,0,0,0,0,0.0,0,0,0,0,0.0,0,0,0,0,0.0,0,0,0,0,0.0,0,0,0,0,0.0
164,1519088,3339.000000,-0.588737,1.362858,2.304780,0.000387,3339.000000,-0.588737,1.362858,2.304780,0.000387,0,0,0,0,0.0,0,0,0,0,0.0,0,0,0,0,0.0,0,0,0,0,0.0,0,0,0,0,0.0,0,0,0,0,0.0,0,0,0,0,0.0,0,0,0,0,0.0,0,0,0,0,0.0,0,0,0,0,0.0,0,0,0,0,0.0,0,0,0,0,0.0,0,0,0,0,0.0,0,0,0,0,0.0
165,898476,3344.000000,0.030006,-0.251722,1.338838,0.000643,3344.000000,0.030006,-0.251722,1.338838,0.000643,0,0,0,0,0.0,0,0,0,0,0.0,0,0,0,0,0.0,0,0,0,0,0.0,0,0,0,0,0.0,0,0,0,0,0.0,0,0,0,0,0.0,0,0,0,0,0.0,0,0,0,0,0.0,0,0,0,0,0.0,0,0,0,0,0.0,0,0,0,0,0.0,0,0,0,0,0.0,0,0,0,0,0.0
166,1714063,3347.000000,0.042411,-0.271927,1.576220,0.000208,3347.000000,0.042411,-0.271927,1.576220,0.000208,0,0,0,0,0.0,0,0,0,0,0.0,0,0,0,0,0.0,0,0,0,0,0.0,0,0,0,0,0.0,0,0,0,0,0.0,0,0,0,0,0.0,0,0,0,0,0.0,0,0,0,0,0.0,0,0,0,0,0.0,0,0,0,0,0.0,0,0,0,0,0.0,0,0,0,0,0.0,0,0,0,0,0.0
167,1575259,3352.000000,0.125174,-0.729575,1.812644,0.000283,3352.000000,0.125174,-0.729575,1.812644,0.000283,0,0,0,0,0.0,0,0,0,0,0.0,0,0,0,0,0.0,0,0,0,0,0.0,0,0,0,0,0.0,0,0,0,0,0.0,0,0,0,0,0.0,0,0,0,0,0.0,0,0,0,0,0.0,0,0,0,0,0.0,0,0,0,0,0.0,0,0,0,0,0.0,0,0,0,0,0.0,0,0,0,0,0.0
168,5662156,3358.000000,-2.607617,8.319262,10.243355,0.000124,3358.000000,-2.607617,8.319262,10.243355,0.000124,0,0,0,0,0.0,0,0,0,0,0.0,0,0,0,0,0.0,0,0,0,0,0.0,0,0,0,0,0.0,0,0,0,0,0.0,0,0,0,0,0.0,0,0,0,0,0.0,0,0,0,0,0.0,0,0,0,0,0.0,0,0,0,0,0.0,0,0,0,0,0.0,0,0,0,0,0.0,0,0,0,0,0.0
169,2017142,3373.000000,1.817861,-3.759714,3.510919,0.000334,3373.000000,1.817861,-3.759714,3.510919,0.000334,0,0,0,0,0.0,0,0,0,0,0.0,0,0,0,0,0.0,0,0,0,0,0.0,0,0,0,0,0.0,0,0,0,0,0.0,0,0,0,0,0.0,0,0,0,0,0.0,0,0,0,0,0.0,0,0,0,0,0.0,0,0,0,0,0.0,0,0,0,0,0.0,0,0,0,0,0.0,0,0,0,0,0.0
170,3360828,3379.000000,-80.462945,54.223148,11.751466,0.000403,3379.000000,-80.462945,54.223148,11.751466,0.000403,0,0,0,0,0.0,0,0,0,0,0.0,0,0,0,0,0.0,0,0,0,0,0.0,0,0,0,0,0.0,0,0,0,0,0.0,0,0,0,0,0.0,0,0,0,0,0.0,0,0,0,0,0.0,0,0,0,0,0.0,0,0,0,0,0.0,0,0,0,0,0.0,0,0,0,0,0.0,0,0,0,0,0.0
171,566442,3388.000000,-0.020209,-0.034273,1.148430,0.001387,3388.000000,-0.020209,-0.034273,1.148430,0.001387,0,0,0,0,0.0,0,0,0,0,0.0,0,0,0,0,0.0,0,0,0,0,0.0,0,0,0,0,0.0,0,0,0,0,0.0,0,0,0,0,0.0,0,0,0,0,0.0,0,0,0,0,0.0,0,0,0,0,0.0,0,0,0,0,0.0,0,0,0,0,0.0,0,0,0,0,0.0,0,0,0,0,0.0
172,964811,3390.000000,-0.043529,0.087184,1.136253,0.000473,3390.000000,-0.043529,0.087184,1.136253,0.000473,0,0,0,0,0.0,0,0,0,0,0.0,0,0,0,0,0.0,0,0,0,0,0.0,0,0,0,0,0.0,0,0,0,0,0.0,0,0,0,0,0.0,0,0,0,0,0.0,0,0,0,0,0.0,0,0,0,0,0.0,0,0,0,0,0.0,0,0,0,0,0.0,0,0,0,0,0.0,0,0,0,0,0.0
173,169477,3393.000000,0.001213,-0.034649,0.224119,0.003024,3393.000000,0.001213,-0.034649,0.224119,0.003024,0,0,0,0,0.0,0,0,0,0,0.0,0,0,0,0,0.0,0,0,0,0,0.0,0,0,0,0,0.0,0,0,0,0,0.0,0,0,0,0,0.0,0,0,0,0,0.0,0,0,0,0,0.0,0,0,0,0,0.0,0,0,0,0,0.0,0,0,0,0,0.0,0,0,0,0,0.0,0,0,0,0,0.0
174,2689657,3393.000000,-4.871263,8.007983,3.237852,0.000173,3393.000000,-4.871263,8.007983,3.237852,0.000173,0,0,0,0,0.0,0,0,0,0,0.0,0,0,0,0,0.0,0,0,0,0,0.0,0,0,0,0,0.0,0,0,0,0,0.0,0,0,0,0,0.0,0,0,0,0,0.0,0,0,0,0,0.0,0,0,0,0,0.0,0,0,0,0,0.0,0,0,0,0,0.0,0,0,0,0,0.0,0,0,0,0,0.0
175,472751,3399.000000,0.004899,-0.075265,0.632864,0.001097,3399.000000,0.004899,-0.075265,0.632864,0.001097,0,0,0,0,0.0,0,0,0,0,0.0,0,0,0,0,0.0,0,0,0,0,0.0,0,0,0,0,0.0,0,0,0,0,0.0,0,0,0,0,0.0,0,0,0,0,0.0,0,0,0,0,0.0,0,0,0,0,0.0,0,0,0,0,0.0,0,0,0,0,0.0,0,0,0,0,0.0,0,0,0,0,0.0
176,2019324,3401.000000,-14.699088,13.071462,4.254603,0.000404,3401.000000,-14.699088,13.071462,4.254603,0.000404,0,0,0,0,0.0,0,0,0,0,0.0,0,0,0,0,0.0,0,0,0,0,0.0,0,0,0,0,0.0,0,0,0,0,0.0,0,0,0,0,0.0,0,0,0,0,0.0,0,0,0,0,0.0,0,0,0,0,0.0,0,0,0,0,0.0,0,0,0,0,0.0,0,0,0,0,0.0,0,0,0,0,0.0
177,544530,3405.000000,0.000809,-0.023817,0.795729,0.001040,3405.000000,0.000809,-0.023817,0.795729,0.001040,0,0,0,0,0.0,0,0,0,0,0.0,0,0,0,0,0.0,0,0,0,0,0.0,0,0,0,0,0.0,0,0,0,0,0.0,0,0,0,0,0.0,0,0,0,0,0.0,0,0,0,0,0.0,0,0,0,0,0.0,0,0,0,0,0.0,0,0,0,0,0.0,0,0,0,0,0.0,0,0,0,0,0.0
178,628027,3425.000000,0.023267,-0.844465,5.617788,0.005519,3425.000000,0.023267,-0.844465,5.617788,0.005519,0,0,0,0,0.0,0,0,0,0,0.0,0,0,0,0,0.0,0,0,0,0,0.0,0,0,0,0,0.0,0,0,0,0,0.0,0,0,0,0,0.0,0,0,0,0,0.0,0,0,0,0,0.0,0,0,0,0,0.0,0,0,0,0,0.0,0,0,0,0,0.0,0,0,0,0,0.0,0,0,0,0,0.0
179,14051184,3440.000000,-715.174910,454.655166,86.610067,0.000170,3440.000000,-715.174910,454.655166,86.610067,0.000170,0,0,0,0,0.0,0,0,0,0,0.0,0,0,0,0,0.0,0,0,0,0,0.0,0,0,0,0,0.0,0,0,0,0,0.0,0,0,0,0,0.0,0,0,0,0,0.0,0,0,0,0,0.0,0,0,0,0,0.0,0,0,0,0,0.0,0,0,0,0,0.0,0,0,0,0,0.0,0,0,0,0,0.0
180,3944237,3491.000000,-625.163979,269.404756,37.220716,0.000927,3491.000000,-625.163979,269.404756,37.220716,0.000927,0,0,0,0,0.0,0,0,0,0,0.0,0,0,0,0,0.0,0,0,0,0,0.0,0,0,0,0,0.0,0,0,0,0,0.0,0,0,0,0,0.0,0,0,0,0,0.0,0,0,0,0,0.0,0,0,0,0,0.0,0,0,0,0,0.0,0,0,0,0,0.0,0,0,0,0,0.0,0,0,0,0,0.0
181,566664,3509.000000,-0.288666,1.041551,2.877602,0.003473,3509.000000,-0.288666,1.041551,2.877602,0.003473,0,0,0,0,0.0,0,0,0,0,0.0,0,0,0,0,0.0,0,0,0,0,0.0,0,0,0,0,0.0,0,0,0,0,0.0,0,0,0,0,0.0,0,0,0,0,0.0,0,0,0,0,0.0,0,0,0,0,0.0,0,0,0,0,0.0,0,0,0,0,0.0,0,0,0,0,0.0,0,0,0,0,0.0
182,555571,3519.000000,0.074288,-0.806488,2.773799,0.003482,3519.000000,0.074288,-0.806488,2.773799,0.003482,0,0,0,0,0.0,0,0,0,0,0.0,0,0,0,0,0.0,0,0,0,0,0.0,0,0,0,0,0.0,0,0,0,0,0.0,0,0,0,0,0.0,0,0,0,0,0.0,0,0,0,0,0.0,0,0,0,0,0.0,0,0,0,0,0.0,0,0,0,0,0.0,0,0,0,0,0.0,0,0,0,0,0.0
183,1066239,3522.000000,-0.000014,-0.009155,0.981369,0.000334,3522.000000,-0.000014,-0.009155,0.981369,0.000334,0,0,0,0,0.0,0,0,0,0,0.0,0,0,0,0,0.0,0,0,0,0,0.0,0,0,0,0,0.0,0,0,0,0,0.0,0,0,0,0,0.0,0,0,0,0,0.0,0,0,0,0,0.0,0,0,0,0,0.0,0,0,0,0,0.0,0,0,0,0,0.0,0,0,0,0,0.0,0,0,0,0,0.0
184,1725469,3529.000000,0.000009,0.008209,2.366603,0.000308,3529.000000,0.000009,0.008209,2.366603,0.000308,0,0,0,0,0.0,0,0,0,0,0.0,0,0,0,0,0.0,0,0,0,0,0.0,0,0,0,0,0.0,0,0,0,0,0.0,0,0,0,0,0.0,0,0,0,0,0.0,0,0,0,0,0.0,0,0,0,0,0.0,0,0,0,0,0.0,0,0,0,0,0.0,0,0,0,0,0.0,0,0,0,0,0.0
