S0, 60.816865194897, 3346.242633280369, 3346.242633280369
S1, 236.866076970937, 3345.314677595691, 3345.314677595691
S2, 272.572778586249, 3355.119653096715, 3355.119653096715
S3, 1184.5885629703, 3400.095859309587, 3400.095859309587
S4, 1402.79108397611, 3689.996787022495, 3689.996787022495
S5, 190.755548046203, 3407.711497469666, 3407.711497469666
S6, 230.335574626891, 3398.040578123649, 3398.040578123649
S7, 402.810630929244, 3384.026950526872, 3384.026950526872
S8, 359.223689922955, 3355.237989907892, 3355.237989907892
S9, 380.864501927833, 3331.607377895205, 3331.607377895205
S10, 293.465661860949, 3305.93180484099, 3305.93180484099
S11, 353.240617835815, 3290.163823268352, 3290.163823268352
S12, 205.102717661746, 3265.483105903249, 3265.483105903249
S13, 540.124409499004, 3265.016252316255, 3265.016252316255
S14, 159.558409329838, 3220.365403552853, 3220.365403552853
S15, 187.03984382213, 3213.432690044804, 3213.432690044804
S16, 384.680768400123, 3202.089489309583, 3202.089489309583
S17, 246.515616200372, 3179.834044655122, 3179.834044655122
S18, 129.748298721979, 3161.374636929708, 3161.374636929708
S19, 196.243813167116, 3157.606537689588, 3157.606537689588
S20, 397.751053891055, 3139.154246140744, 3139.154246140744
S21, 207.682696411418, 3121.983521505429, 3121.983521505429
S22, 245.442511716659, 3112.599611010291, 3112.599611010291
S23, 373.283389660753, 3096.071034398048, 3096.071034398048
S24, 198.887308182239, 3072, 3072
S25, 189.655529332797, 3058.834082308788, 3058.834082308788
S26, 145.263839716433, 3047, 3047
S27, 196.675376330839, 3042.874049373885, 3042.874049373885
S28, 161.156373764827, 3032.421757618598, 3032.421757618598
S29, 647.691768985394, 3014.709928069599, 3014.709928069599
S30, 275.855675144259, 2973.077946114017, 2973.077946114017
S31, 168.635364700687, 2961.96331548629, 2961.96331548629
S32, 306.499355550474, 2952.382968955885, 2952.382968955885
S33, 270.181958945203, 2931.946395848302, 2931.946395848302
S34, 99.1306936554659, 2915.016734616639, 2915.016734616639
S35, 167.863217371018, 2911, 2911
S36, 135.924227638163, 2901, 2901
S37, 193.827274682542, 2893.604858350247, 2893.604858350247
S38, 478.19773626386, 2883.114068852817, 2883.114068852817
S39, 238.59172744521, 2851.221289841721, 2851.221289841721
S40, 341.542967674343, 2838.076113385891, 2838.076113385891
S41, 301.593951268203, 2818.233902562103, 2818.233902562103
S42, 869.829124014137, 2799.445152963515, 2799.445152963515
S44, 345.822670069008, 2744.531204798433, 2744.531204798433
S45, 201.815595488747, 2731.501028292456, 2731.501028292456
S46, 796.454504583862, 2724.589351044632, 2724.589351044632
S47, 65.1934254240424, 2696.585029365587, 2696.585029365587
S48, 294.03190219837, 2698.634052400232, 2698.634052400232
S49, 96.3048735810543, 2687.31323556457, 2687.31323556457
S50, 36.4351719033461, 2680.132992757628, 2680.132992757628
S51, 97.0423632572484, 2680.132992757628, 2680.132992757628
S52, 83.7543045313842, 2678.071451103204, 2678.071451103204
S53, 409.669852708899, 2681.933523946806, 2681.933523946806
S54, 161.066036591793, 2697.712254552714, 2697.712254552714
S55, 317.556404206013, 2702.526820717666, 2702.526820717666
S56, 102.796442804285, 2723.118001832333, 2723.118001832333
S57, 273.252230086693, 2728.800109812146, 2728.800109812146
S58, 147.375224304734, 2741.894491394723, 2741.894491394723
S59, 751.44342512679, 2749.897213261801, 2749.897213261801
S60, 579.969875928178, 2783.970617326264, 2783.970617326264
S61, 398.419917647842, 2772.969168389487, 2772.969168389487
S62, 127.428596822766, 2764.607017278993, 2764.607017278993
S63, 148.273090631338, 2762.264125173477, 2762.264125173477
S64, 277.258675772535, 2762.976439284619, 2762.976439284619
S65, 543.444080776818, 2759.994604375834, 2759.994604375834
S66, 231.234652507146, 2761.883216120978, 2761.883216120978
S67, 720.901377264162, 2759.623633190137, 2759.623633190137
S68, 308.697508468376, 2765.643425776442, 2765.643425776442
S69, 918.10445474856, 2770.061772208694, 2770.061772208694
S70, 246.988215520514, 2762.253969729506, 2762.253969729506
S71, 224.69423113848, 2756.959591204077, 2756.959591204077
S72, 206.651830028598, 2757.193446586526, 2757.193446586526
S73, 1060.92571087267, 2760.194827446083, 2760.194827446083
S74, 478.296283415034, 2780.629353889876, 2780.629353889876
S75, 300.183134476614, 2795.447009961102, 2795.447009961102
S76, 322.709086973034, 2807.62355795688, 2807.62355795688
S77, 181.678100175476, 2820.982136788809, 2820.982136788809
S78, 216.842469527841, 2823.523941004246, 2823.523941004246
S79, 291.006435539752, 2819.223359691216, 2819.223359691216
S80, 21.9895158097247, 2818.972876769153, 2818.972876769153
S81, 8.74910814310484, 2818.972876769153, 2818.972876769153
S82, 45.9728038618606, 2818.972876769153, 2818.972876769153
S83, 31.1092526147468, 2818.818730071838, 2818.818730071838
S84, 205.631604690509, 2818.693019326663, 2818.693019326663
S85, 56.4124502516831, 2811.374803234422, 2811.374803234422
S86, 105.785844834061, 2811.374803234422, 2811.374803234422
S87, 25.1217401719777, 2815.841729397171, 2815.841729397171
S88, 53.3556343572686, 2815.841729397171, 2815.841729397171
S89, 60.7419137275829, 2821.779381265936, 2821.779381265936
S90, 51.0834137162568, 2821.779381265936, 2821.779381265936
S91, 147.633715778931, 2826.849269357264, 2826.849269357264
S92, 59.4797441589358, 2826.339958379161, 2826.339958379161
S93, 68.3004661991988, 2830.428291165569, 2830.428291165569
S94, 85.7408710868089, 2830.428291165569, 2830.428291165569
S95, 69.1723982146788, 2831.022908840083, 2831.022908840083
S96, 166.628682252325, 2831.022908840083, 2831.022908840083
S97, 29.8834913761401, 2828.731231850346, 2828.731231850346
S98, 98.0227810302779, 2828.049873521073, 2828.049873521073
S99, 72.1669768358154, 2828.456196074239, 2828.456196074239
S100, 90.3271097758566, 2829.431980988731, 2829.431980988731
S101, 700.508920133982, 2828.035463732826, 2828.035463732826
S102, 23.4618793140399, 2836.302571204033, 2836.302571204033
S103, 21.164453081965, 2836.834062448716, 2836.834062448716
S104, 42.8558137717866, 2837.709560751198, 2837.709560751198
S105, 87.1354909970123, 2837.894241639695, 2837.894241639695
S106, 30.1297795313892, 2842.648153239477, 2842.648153239477
S107, 258.941583864103, 2837.432248211665, 2837.432248211665
S108, 93.6217171162, 2844.521728998016, 2844.521728998016
S109, 26.6612247222422, 2846.327688737739, 2846.327688737739
S110, 75.9163444268218, 2846.240826203947, 2846.240826203947
S111, 82.4721284861323, 2846.290345396786, 2846.290345396786
S112, 34.5260644464077, 2845.79200070092, 2845.79200070092
S113, 457.376960413196, 2845.79200070092, 2845.79200070092
S115, 216.433850235402, 2860.105691444776, 2860.105691444776
S116, 56.8950667477018, 2885.031736047269, 2885.031736047269
S117, 540.508807034807, 2888.10425254681, 2888.10425254681
S118, 81.1882998783499, 2919, 2919
S119, 348.834557711699, 2921.708077364623, 2921.708077364623
S120, 492.919849652093, 2940, 2940
S121, 123.730476473221, 2969, 2969
S122, 66.5940183390547, 2978, 2978
S123, 172.563659405967, 2982, 2982
S124, 205.747549554114, 2992, 2992
S125, 104.968806720943, 3004, 3004
S126, 129.22027684182, 3009, 3009
S127, 247.360013053132, 3020.063686819457, 3020.063686819457
S129, 483.118583948891, 3032.864918988268, 3032.864918988268
S130, 160.53707115155, 3055.926669207386, 3055.926669207386
S131, 117.408984402359, 3065.883965463866, 3065.883965463866
S132, 96.5009032223663, 3072, 3072
S133, 179.283038102528, 3078, 3078
S134, 133.556762294699, 3090, 3090
SA134, 27.9534940495111, 3098, 3098
S135, 189.890658487807, 3099, 3099
S136, 38.9515248393356, 3111, 3111
S137, 51.9878289856051, 3113, 3113
S138, 95.4110689832533, 3116.34966445363, 3116.34966445363
S139, 215.556644938506, 3124, 3124
S140, 215.387368922015, 3137, 3137
S141, 50.6150937812414, 3146.702392754089, 3146.702392754089
S142, 183.63933895224, 3151.021711295939, 3151.021711295939
S143, 116.689825470123, 3164, 3164
S144, 128.288606550384, 3171, 3171
S145, 43.2067075561128, 3181, 3181
S146, 216.869359386488, 3182, 3182
S147, 48.8325205442857, 3197, 3197
S148, 324.393084153521, 3200, 3200
S149, 199.691230896392, 3219, 3219
S150, 253.11837756051, 3232, 3232
S151, 59.3004469650698, 3248, 3248
S152, 176.549983919438, 3252, 3252
S153, 103.017143918475, 3264, 3264
S154, 161.117449426751, 3270, 3270
S155, 31.4624017448929, 3279, 3279
S156, 135.611722958132, 3282, 3282
S157, 75.6141256359149, 3289, 3289
S158, 109.852126594386, 3294, 3294
S159, 55.9934680833724, 3300, 3300
S160, 66.6403904808382, 3304, 3304
S161, 44.9646270781205, 3308, 3308
S162, 159.51305457724, 3310, 3310
S163, 24.998393565061, 3318, 3318
S164, 209.946931002924, 3319, 3319
S165, 58.8315902125001, 3336, 3336
S166, 77.1698493057007, 3339, 3339
S167, 45.6427196407617, 3344, 3344
S168, 87.0745976112559, 3347, 3347
S169, 80.0233246981809, 3352, 3352
S170, 287.638137946152, 3358, 3358
S171, 102.471049735748, 3373, 3373
S172, 170.730411875792, 3379, 3379
S173, 28.7753432556703, 3388, 3388
S174, 49.0125375551538, 3390, 3390
S175, 8.60945399361031, 3393, 3393
S176, 136.634865198293, 3393, 3393
S177, 24.0158323573199, 3399, 3399
S178, 102.581868464144, 3401, 3401
S179, 27.6622229160316, 3405, 3405
S181, 31.9038491947663, 3425, 3425
S183, 713.801625006578, 3440, 3440
S185, 200.367675504554, 3491, 3491
S187, 28.786615548045, 3509, 3509
S189, 28.2230736983509, 3519, 3519
S191, 54.1650532222445, 3522, 3522
S193, 87.654035552648, 3529, 3529
